95.00 157.00
95.00 156.50
94.50 156.00
94.00 155.50
94.00 155.00
94.00 154.50
93.50 154.00
93.50 153.50
93.00 153.00
93.00 152.50
93.00 152.00
92.50 151.50
92.50 151.00
92.50 150.50
92.50 150.00
92.00 149.50
92.00 149.00
92.00 148.50
92.00 148.00
92.00 147.50
91.50 147.00
91.50 146.50
91.50 146.00
91.50 145.50
91.50 145.00
91.50 144.50
91.50 144.00
91.50 143.50
91.50 143.00
91.50 142.50
91.50 142.00
91.50 141.50
91.50 141.00
91.50 140.50
91.50 140.00
91.50 139.50
91.50 139.00
91.50 138.50
92.00 138.00
92.00 137.50
92.00 137.00
92.00 136.50
92.00 136.00
92.00 135.50
92.50 135.00
92.50 134.50
92.50 134.00
92.50 133.50
92.50 133.00
93.00 132.50
93.00 132.00
93.00 131.50
93.50 131.00
93.50 130.50
94.00 130.00
94.00 129.50
94.00 129.00
94.50 128.50
94.50 128.00
94.50 127.50
95.00 127.00
95.00 126.50
95.50 126.00
95.50 125.50
96.00 125.00
96.00 124.50
96.50 124.00
97.00 123.50
97.00 123.00
97.50 122.50
98.00 122.00
98.00 121.50
98.50 121.00
98.50 120.50
99.00 120.00
99.50 119.50
100.00 119.00
100.50 118.50
101.00 118.00
101.50 117.50
102.00 117.00
102.50 116.50
103.00 116.00
103.00 115.50
103.50 115.00
104.00 115.00
104.50 114.50
105.00 114.00
105.50 113.50
106.00 113.00
106.50 113.00
107.00 112.50
107.50 112.00
108.00 111.50
108.50 111.50
109.00 111.00
109.50 110.50
110.00 110.50
110.50 110.00
111.00 110.00
111.50 109.50
112.00 109.00
112.50 109.00
113.00 109.00
113.50 108.50
114.00 108.00
114.50 108.00
115.00 108.00
115.50 107.50
116.00 107.50
116.50 107.50
117.00 107.00
117.50 107.00
118.00 107.00
118.50 106.50
119.00 106.50
119.50 106.50
120.00 106.00
120.50 106.00
121.00 106.00
121.50 106.00
122.00 106.00
122.50 105.50
123.00 105.50
123.50 105.50
124.00 105.50
124.50 105.50
125.00 105.50
125.50 105.50
126.00 105.50
126.50 105.50
127.00 105.50
127.50 105.50
128.00 105.50
128.50 105.50
129.00 105.50
129.50 105.50
130.00 105.50
130.50 105.50
131.00 105.50
131.50 105.50
132.00 106.00
132.50 106.00
133.00 106.00
133.50 106.00
134.00 106.00
134.50 106.50
135.00 106.50
135.50 106.50
136.00 107.00
136.50 107.00
137.00 107.50
137.50 107.50
138.00 107.50
138.50 108.00
139.00 108.50
139.50 108.50
140.00 109.00
140.50 109.00
141.00 109.50
141.50 109.50
142.00 110.00
142.50 110.50
143.00 111.00
143.50 111.00
144.00 111.50
144.50 112.00
145.00 112.50
145.50 112.50
146.00 113.00
146.50 113.50
147.00 114.00
147.50 114.50
148.00 115.00
148.50 115.50
149.00 116.00
149.50 116.50
150.00 117.00
150.50 117.50
150.50 118.00
151.00 118.50
151.50 119.00
152.00 119.50
152.00 120.00
152.50 120.50
153.00 121.00
153.50 121.50
153.50 122.00
154.00 122.50
154.00 123.00
154.50 123.50
155.00 124.00
155.00 124.50
155.50 125.00
155.50 125.50
156.00 126.00
156.00 126.50
156.50 127.00
156.50 127.50
157.00 128.00
157.00 128.50
157.00 129.00
157.50 129.50
157.50 130.00
157.50 130.50
158.00 131.00
158.00 131.50
158.00 132.00
158.50 132.50
158.50 133.00
158.50 133.50
159.00 134.00
159.00 134.50
159.00 135.00
159.00 135.50
159.00 136.00
159.00 136.50
159.50 137.00
159.50 137.50
159.50 138.00
159.50 138.50
159.50 139.00
159.50 139.50
159.50 140.00
159.50 140.50
159.50 141.00
159.50 141.50
159.50 142.00
159.50 142.50
159.50 143.00
159.50 143.50
159.50 144.00
159.00 144.50
159.00 145.00
159.00 145.50
159.00 146.00
159.00 146.50
159.00 147.00
158.50 147.50
158.50 148.00
158.50 148.50
158.50 149.00
158.00 149.50
158.00 150.00
158.00 150.50
157.50 151.00
157.50 151.50
157.50 152.00
157.00 152.50
157.00 153.00
156.50 153.50
156.50 154.00
156.00 154.50
156.00 155.00
155.50 155.50
155.50 156.00
155.00 156.50
154.50 157.00
154.50 157.50
154.00 158.00
153.50 158.50
153.50 159.00
153.00 159.50
152.50 160.00
152.00 160.50
152.00 161.00
151.50 161.50
151.00 161.50
150.50 162.00
150.00 162.50
149.50 163.00
149.00 163.50
148.50 164.00
148.00 164.50
147.50 164.50
147.00 165.00
146.50 165.50
146.00 165.50
145.50 166.00
145.00 166.00
144.50 166.50
144.00 167.00
143.50 167.00
143.00 167.50
142.50 167.50
142.00 168.00
141.50 168.00
141.00 168.00
140.50 168.50
140.00 168.50
139.50 169.00
139.00 169.00
138.50 169.00
138.00 169.50
137.50 169.50
137.00 169.50
136.50 169.50
136.00 170.00
135.50 170.00
135.00 170.00
134.50 170.00
134.00 170.00
133.50 170.50
133.00 170.50
132.50 170.50
132.00 170.50
131.50 170.50
131.00 170.50
130.50 170.50
130.00 170.50
129.50 170.50
129.00 170.50
128.50 170.50
128.00 170.50
127.50 170.50
127.00 170.50
126.50 170.50
126.00 170.50
125.50 170.50
125.00 170.50
124.50 170.50
124.00 170.50
123.50 170.50
123.00 170.50
122.50 170.50
122.00 170.50
121.50 170.50
121.00 170.50
120.50 170.50
120.00 170.50
119.50 170.00
119.00 170.00
118.50 170.00
118.00 170.00
117.50 170.00
117.00 170.00
116.50 169.50
116.00 169.50
115.50 169.50
115.00 169.50
114.50 169.50
114.00 169.00
113.50 169.00
113.00 169.00
112.50 169.00
112.00 168.50
111.50 168.50
111.00 168.50
110.50 168.00
110.00 168.00
109.50 168.00
109.00 167.50
108.50 167.50
108.00 167.50
107.50 167.00
107.00 167.00
106.50 166.50
106.00 166.50
105.50 166.00
105.00 166.00
104.50 165.50
104.00 165.00
103.50 165.00
103.00 164.50
102.50 164.50
102.00 164.00
101.50 163.50
101.00 163.50
100.50 163.00
100.00 162.50
99.50 162.00
99.00 161.50
98.50 161.00
98.00 160.50
97.50 160.00
97.00 159.50
96.50 159.00
96.00 158.50
96.00 158.00
95.50 157.50
