155.50 109.00
156.00 109.00
156.50 109.50
157.00 109.50
157.50 110.00
158.00 110.00
158.50 110.50
159.00 111.00
159.50 111.00
160.00 111.50
160.50 112.00
161.00 112.00
161.50 112.50
162.00 113.00
162.50 113.50
163.00 114.00
163.50 114.50
164.00 115.00
164.50 115.50
164.50 116.00
165.00 116.50
165.50 117.00
166.00 117.50
166.00 118.00
166.50 118.50
166.50 119.00
166.50 119.50
167.00 120.00
167.00 120.50
167.50 121.00
167.50 121.50
167.50 122.00
167.50 122.50
167.50 123.00
167.50 123.50
168.00 124.00
168.00 124.50
168.00 125.00
168.00 125.50
168.00 126.00
168.00 126.50
168.00 127.00
168.00 127.50
168.00 128.00
168.00 128.50
168.00 129.00
168.00 129.50
167.50 130.00
167.50 130.50
167.50 131.00
167.50 131.50
167.50 132.00
167.50 132.50
167.00 133.00
167.00 133.50
167.00 134.00
166.50 134.50
166.50 135.00
166.50 135.50
166.00 136.00
166.00 136.50
166.00 137.00
165.50 137.50
165.50 138.00
165.00 138.50
165.00 139.00
164.50 139.50
164.50 140.00
164.00 140.50
164.00 141.00
163.50 141.50
163.50 142.00
163.00 142.50
162.50 143.00
162.50 143.50
162.00 144.00
161.50 144.50
161.00 145.00
160.50 145.50
160.50 146.00
160.00 146.50
159.50 147.00
159.00 147.50
158.50 148.00
158.00 148.50
157.50 149.00
157.00 149.50
156.50 150.00
156.00 150.00
155.50 150.50
155.00 151.00
154.50 151.00
154.00 151.50
153.50 151.50
153.00 152.00
152.50 152.00
152.00 152.50
151.50 152.50
151.00 153.00
150.50 153.00
150.00 153.50
149.50 153.50
149.00 153.50
148.50 154.00
148.00 154.00
147.50 154.00
147.00 154.00
146.50 154.00
146.00 154.50
145.50 154.50
145.00 154.50
144.50 154.50
144.00 154.50
143.50 154.50
143.00 154.50
142.50 154.50
142.00 154.50
141.50 154.50
141.00 154.50
140.50 154.50
140.00 154.50
139.50 154.50
139.00 154.50
138.50 154.50
138.00 154.00
137.50 154.00
137.00 154.00
136.50 154.00
136.00 154.00
135.50 153.50
135.00 153.50
134.50 153.50
134.00 153.00
133.50 153.00
133.00 152.50
132.50 152.50
132.00 152.50
131.50 152.00
131.00 152.00
130.50 151.50
130.00 151.00
129.50 150.50
129.00 150.50
128.50 150.00
128.00 149.50
127.50 149.00
127.00 148.50
126.50 148.00
126.50 147.50
126.00 147.00
125.50 146.50
125.50 146.00
125.00 145.50
125.00 145.00
124.50 144.50
124.00 144.00
124.00 143.50
124.00 143.00
124.00 142.50
123.50 142.00
123.50 141.50
123.00 141.00
123.00 140.50
123.00 140.00
123.00 139.50
123.00 139.00
123.00 138.50
122.50 138.00
122.50 137.50
122.50 137.00
122.50 136.50
122.50 136.00
122.50 135.50
122.50 135.00
122.50 134.50
122.50 134.00
122.50 133.50
122.50 133.00
122.50 132.50
122.50 132.00
122.50 131.50
122.50 131.00
123.00 130.50
123.00 130.00
123.00 129.50
123.00 129.00
123.00 128.50
123.00 128.00
123.50 127.50
123.50 127.00
123.50 126.50
124.00 126.00
124.00 125.50
124.00 125.00
124.50 124.50
124.50 124.00
124.50 123.50
125.00 123.00
125.00 122.50
125.50 122.00
125.50 121.50
126.00 121.00
126.00 120.50
126.50 120.00
126.50 119.50
127.00 119.00
127.50 118.50
127.50 118.00
128.00 117.50
128.00 117.00
128.50 116.50
129.00 116.00
129.50 115.50
130.00 115.00
130.50 114.50
130.50 114.00
131.00 113.50
131.50 113.00
132.00 112.50
132.50 112.00
133.00 111.50
133.50 111.50
134.00 111.50
134.50 111.00
135.00 110.50
135.50 110.00
136.00 110.00
136.50 109.50
137.00 109.50
137.50 109.00
138.00 109.00
138.50 109.00
139.00 108.50
139.50 108.50
140.00 108.50
140.50 108.00
141.00 108.00
141.50 108.00
142.00 108.00
142.50 108.00
143.00 108.00
143.50 107.50
144.00 107.50
144.50 107.50
145.00 107.50
145.50 107.50
146.00 107.50
146.50 107.50
147.00 107.50
147.50 107.50
148.00 107.50
148.50 107.50
149.00 107.50
149.50 107.50
150.00 107.50
150.50 107.50
151.00 108.00
151.50 108.00
152.00 108.00
152.50 108.00
153.00 108.00
153.50 108.50
154.00 108.50
154.50 108.50
155.00 109.00
