115.50 133.50
115.50 133.00
115.50 132.50
115.00 132.00
115.00 131.50
115.00 131.00
115.00 130.50
115.00 130.00
115.00 129.50
115.00 129.00
114.50 128.50
114.50 128.00
114.50 127.50
114.50 127.00
114.50 126.50
114.50 126.00
114.50 125.50
114.50 125.00
114.00 124.50
114.00 124.00
114.00 123.50
114.00 123.00
114.00 122.50
114.00 122.00
114.50 121.50
114.50 121.00
114.50 120.50
114.50 120.00
115.00 119.50
115.00 119.00
115.50 118.50
115.50 118.00
116.00 117.50
116.00 117.00
116.50 116.50
117.00 116.00
117.00 115.50
117.50 115.00
117.50 114.50
118.00 114.00
118.50 113.50
118.50 113.00
119.00 112.50
119.00 112.00
119.50 111.50
119.50 111.00
120.00 110.50
120.50 110.00
120.50 109.50
121.00 109.00
121.50 108.50
122.00 108.00
122.50 107.50
123.00 107.50
123.50 107.00
124.00 106.50
124.50 106.50
125.00 106.00
125.50 106.00
126.00 105.50
126.50 105.50
127.00 105.00
127.50 105.00
128.00 105.00
128.50 104.50
129.00 104.50
129.50 104.00
130.00 104.00
130.50 104.00
131.00 103.50
131.50 103.50
132.00 103.50
132.50 103.00
133.00 103.00
133.50 103.00
134.00 102.50
134.50 102.50
135.00 102.50
135.50 102.50
136.00 102.50
136.50 102.50
137.00 102.50
137.50 102.50
138.00 102.50
138.50 102.50
139.00 102.50
139.50 102.50
140.00 102.50
140.50 102.50
141.00 102.50
141.50 103.00
142.00 103.00
142.50 103.00
143.00 103.00
143.50 103.00
144.00 103.00
144.50 103.00
145.00 103.50
145.50 103.50
146.00 103.50
146.50 103.50
147.00 103.50
147.50 104.00
148.00 104.00
148.50 104.50
149.00 104.50
149.50 104.50
150.00 105.00
150.50 105.00
151.00 105.50
151.50 105.50
152.00 106.00
152.50 106.50
153.00 106.50
153.50 107.00
154.00 107.50
154.50 108.00
155.00 108.00
155.50 108.50
156.00 109.00
156.50 109.50
157.00 110.00
157.50 110.00
158.00 110.50
158.50 111.00
159.00 111.50
159.50 112.00
160.00 112.50
160.50 113.00
161.00 113.50
161.00 114.00
161.50 114.50
161.50 115.00
162.00 115.50
162.00 116.00
162.00 116.50
162.50 117.00
162.50 117.50
162.50 118.00
163.00 118.50
163.00 119.00
163.00 119.50
163.50 120.00
163.50 120.50
163.50 121.00
164.00 121.50
164.00 122.00
164.00 122.50
164.50 123.00
164.50 123.50
164.50 124.00
164.50 124.50
164.50 125.00
164.50 125.50
164.50 126.00
164.50 126.50
164.50 127.00
164.50 127.50
164.50 128.00
164.50 128.50
164.50 129.00
164.50 129.50
164.00 130.00
164.00 130.50
164.00 131.00
164.00 131.50
164.00 132.00
163.50 132.50
163.50 133.00
163.50 133.50
163.50 134.00
163.50 134.50
163.00 135.00
163.00 135.50
163.00 136.00
162.50 136.50
162.50 137.00
162.00 137.50
162.00 138.00
161.50 138.50
161.00 139.00
160.50 139.50
160.50 140.00
160.00 140.50
159.50 140.50
159.00 141.00
158.50 141.50
158.00 142.00
157.50 142.00
157.00 142.50
156.50 143.00
156.00 143.50
155.50 143.50
155.00 144.00
154.50 144.50
154.00 145.00
153.50 145.00
153.00 145.50
152.50 146.00
152.00 146.00
151.50 146.50
151.00 147.00
150.50 147.00
150.00 147.50
149.50 148.00
149.00 148.00
148.50 148.50
148.00 149.00
147.50 149.00
147.00 149.50
146.50 150.00
146.00 150.00
145.50 150.50
145.00 150.50
144.50 151.00
144.00 151.00
143.50 151.50
143.00 151.50
142.50 152.00
142.00 152.00
141.50 152.50
141.00 152.50
140.50 152.50
140.00 153.00
139.50 153.00
139.00 153.00
138.50 153.00
138.00 153.50
137.50 153.50
137.00 153.50
136.50 153.50
136.00 153.50
135.50 153.50
135.00 153.50
134.50 153.50
134.00 153.50
133.50 153.50
133.00 153.00
132.50 153.00
132.00 153.00
131.50 153.00
131.00 153.00
130.50 152.50
130.00 152.50
129.50 152.50
129.00 152.00
128.50 152.00
128.00 151.50
127.50 151.50
127.00 151.00
126.50 151.00
126.00 150.50
125.50 150.00
125.00 150.00
124.50 149.50
124.00 149.00
123.50 148.50
123.00 148.00
122.50 147.50
122.00 147.00
121.50 146.50
121.50 146.00
121.00 145.50
120.50 145.00
120.50 144.50
120.00 144.00
119.50 143.50
119.50 143.00
119.00 142.50
118.50 142.00
118.50 141.50
118.50 141.00
118.00 140.50
118.00 140.00
117.50 139.50
117.50 139.00
117.00 138.50
117.00 138.00
116.50 137.50
116.50 137.00
116.50 136.50
116.00 136.00
116.00 135.50
116.00 135.00
116.00 134.50
115.50 134.00
