137.50 108.00
138.00 108.00
138.50 108.00
139.00 108.00
139.50 108.00
140.00 108.00
140.50 108.00
141.00 107.50
141.50 107.50
142.00 107.50
142.50 108.00
143.00 108.00
143.50 108.00
144.00 108.00
144.50 108.00
145.00 108.00
145.50 108.00
146.00 108.00
146.50 108.50
147.00 108.50
147.50 108.50
148.00 109.00
148.50 109.00
149.00 109.00
149.50 109.50
150.00 110.00
150.50 110.00
151.00 110.50
151.50 111.00
152.00 111.00
152.50 111.50
153.00 112.00
153.50 112.50
154.00 113.00
154.50 113.50
155.00 114.00
155.50 114.50
156.00 115.00
156.50 115.50
156.50 116.00
157.00 116.50
157.00 117.00
157.50 117.50
158.00 118.00
158.00 118.50
158.00 119.00
158.50 119.50
159.00 120.00
159.00 120.50
159.00 121.00
159.00 121.50
159.50 122.00
159.50 122.50
159.50 123.00
160.00 123.50
160.00 124.00
160.00 124.50
160.00 125.00
160.00 125.50
160.00 126.00
160.00 126.50
160.00 127.00
160.00 127.50
160.00 128.00
160.00 128.50
160.00 129.00
160.00 129.50
160.00 130.00
160.00 130.50
160.00 131.00
159.50 131.50
159.50 132.00
159.50 132.50
159.50 133.00
159.50 133.50
159.00 134.00
159.00 134.50
159.00 135.00
158.50 135.50
158.50 136.00
158.00 136.50
158.00 137.00
158.00 137.50
157.50 138.00
157.00 138.50
157.00 139.00
157.00 139.50
156.50 140.00
156.00 140.50
155.50 141.00
155.00 141.50
155.00 142.00
154.50 142.50
154.00 143.00
153.50 143.50
153.00 144.00
152.50 144.50
152.00 145.00
151.50 145.50
151.00 146.00
150.50 146.00
150.00 146.50
149.50 147.00
149.00 147.50
148.50 147.50
148.00 148.00
147.50 148.50
147.00 148.50
146.50 149.00
146.00 149.00
145.50 149.50
145.00 149.50
144.50 150.00
144.00 150.00
143.50 150.50
143.00 150.50
142.50 150.50
142.00 151.00
141.50 151.00
141.00 151.00
140.50 151.00
140.00 151.50
139.50 151.50
139.00 151.50
138.50 151.50
138.00 151.50
137.50 152.00
137.00 152.00
136.50 152.00
136.00 152.00
135.50 152.00
135.00 152.00
134.50 152.00
134.00 152.00
133.50 152.00
133.00 152.00
132.50 152.00
132.00 152.00
131.50 152.00
131.00 152.00
130.50 151.50
130.00 151.50
129.50 151.50
129.00 151.50
128.50 151.50
128.00 151.00
127.50 151.00
127.00 151.00
126.50 150.50
126.00 150.50
125.50 150.00
125.00 150.00
124.50 149.50
124.00 149.50
123.50 149.00
123.00 148.50
122.50 148.00
122.00 148.00
121.50 147.50
121.00 147.00
121.00 146.50
120.50 146.00
120.00 146.00
119.50 145.50
119.50 145.00
119.00 144.50
118.50 144.00
118.50 143.50
118.50 143.00
118.00 142.50
117.50 142.00
117.50 141.50
117.00 141.00
117.00 140.50
117.00 140.00
116.50 139.50
116.50 139.00
116.00 138.50
116.00 138.00
116.00 137.50
116.00 137.00
116.00 136.50
115.50 136.00
115.50 135.50
115.50 135.00
115.50 134.50
115.50 134.00
115.50 133.50
115.50 133.00
115.50 132.50
115.50 132.00
115.50 131.50
115.50 131.00
115.50 130.50
115.50 130.00
115.50 129.50
115.50 129.00
115.50 128.50
116.00 128.00
116.00 127.50
116.00 127.00
116.00 126.50
116.00 126.00
116.50 125.50
116.50 125.00
116.50 124.50
116.50 124.00
117.00 123.50
117.00 123.00
117.00 122.50
117.50 122.00
117.50 121.50
117.50 121.00
118.00 120.50
118.00 120.00
118.50 119.50
118.50 119.00
119.00 118.50
119.00 118.00
119.50 117.50
119.50 117.00
120.00 116.50
120.50 116.00
120.50 115.50
121.00 115.00
121.50 114.50
122.00 114.00
122.50 113.50
123.00 113.00
123.50 112.50
124.00 112.00
124.50 111.50
125.00 111.50
125.50 111.00
126.00 110.50
126.50 110.50
127.00 110.50
127.50 110.00
128.00 110.00
128.50 109.50
129.00 109.50
129.50 109.50
130.00 109.00
130.50 109.00
131.00 109.00
131.50 109.00
132.00 109.00
132.50 108.50
133.00 108.50
133.50 108.50
134.00 108.50
134.50 108.50
135.00 108.00
135.50 108.00
136.00 108.00
136.50 108.00
137.00 108.00
