163.00 126.00
163.00 126.50
163.00 127.00
163.00 127.50
163.00 128.00
163.50 128.50
163.50 129.00
163.50 129.50
163.50 130.00
163.50 130.50
163.50 131.00
163.50 131.50
163.50 132.00
163.50 132.50
163.50 133.00
163.50 133.50
163.50 134.00
163.50 134.50
163.50 135.00
163.50 135.50
163.50 136.00
163.50 136.50
163.50 137.00
163.50 137.50
163.00 138.00
163.00 138.50
163.00 139.00
163.00 139.50
162.50 140.00
162.50 140.50
162.50 141.00
162.50 141.50
162.00 142.00
162.00 142.50
162.00 143.00
162.00 143.50
161.50 144.00
161.50 144.50
161.50 145.00
161.00 145.50
161.00 146.00
160.50 146.50
160.00 147.00
159.50 147.50
159.00 148.00
158.50 148.50
158.00 149.00
157.50 149.00
157.00 149.50
156.50 150.00
156.00 150.50
155.50 150.50
155.00 151.00
154.50 151.00
154.00 151.50
153.50 151.50
153.00 152.00
152.50 152.00
152.00 152.00
151.50 152.50
151.00 152.50
150.50 153.00
150.00 153.00
149.50 153.00
149.00 153.00
148.50 153.50
148.00 153.50
147.50 153.50
147.00 153.50
146.50 153.50
146.00 153.50
145.50 154.00
145.00 154.00
144.50 154.00
144.00 154.00
143.50 154.00
143.00 154.00
142.50 154.00
142.00 154.00
141.50 154.00
141.00 154.00
140.50 154.00
140.00 154.00
139.50 154.00
139.00 154.00
138.50 154.00
138.00 154.00
137.50 154.00
137.00 154.00
136.50 154.00
136.00 154.00
135.50 153.50
135.00 153.50
134.50 153.50
134.00 153.50
133.50 153.00
133.00 153.00
132.50 153.00
132.00 153.00
131.50 152.50
131.00 152.50
130.50 152.50
130.00 152.00
129.50 152.00
129.00 151.50
128.50 151.50
128.00 151.00
127.50 150.50
127.00 150.00
126.50 149.50
126.00 149.00
125.50 148.50
125.00 148.00
125.00 147.50
125.00 147.00
124.50 146.50
124.00 146.00
124.00 145.50
123.50 145.00
123.50 144.50
123.00 144.00
123.00 143.50
123.00 143.00
122.50 142.50
122.50 142.00
122.50 141.50
122.00 141.00
122.00 140.50
122.00 140.00
122.00 139.50
121.50 139.00
121.50 138.50
121.50 138.00
121.50 137.50
121.50 137.00
121.00 136.50
121.00 136.00
121.00 135.50
121.00 135.00
121.00 134.50
121.00 134.00
121.00 133.50
121.00 133.00
121.00 132.50
121.00 132.00
121.00 131.50
121.00 131.00
121.00 130.50
121.00 130.00
121.50 129.50
121.50 129.00
121.50 128.50
121.50 128.00
122.00 127.50
122.00 127.00
122.00 126.50
122.00 126.00
122.50 125.50
122.50 125.00
123.00 124.50
123.00 124.00
123.00 123.50
123.50 123.00
123.50 122.50
123.50 122.00
124.00 121.50
124.00 121.00
124.50 120.50
124.50 120.00
125.00 119.50
125.50 119.00
126.00 118.50
126.00 118.00
126.50 117.50
127.00 117.00
127.50 116.50
128.00 116.00
128.50 115.50
129.00 115.00
129.50 114.50
130.00 114.50
130.50 114.00
131.00 114.00
131.50 113.50
132.00 113.50
132.50 113.00
133.00 113.00
133.50 113.00
134.00 113.00
134.50 112.50
135.00 112.50
135.50 112.50
136.00 112.50
136.50 112.50
137.00 112.50
137.50 112.00
138.00 112.00
138.50 112.00
139.00 112.00
139.50 112.00
140.00 112.00
140.50 112.00
141.00 112.00
141.50 112.00
142.00 112.00
142.50 112.00
143.00 112.00
143.50 112.00
144.00 112.00
144.50 112.00
145.00 112.00
145.50 112.00
146.00 112.00
146.50 112.00
147.00 112.00
147.50 112.00
148.00 112.00
148.50 112.00
149.00 112.50
149.50 112.50
150.00 112.50
150.50 113.00
151.00 113.00
151.50 113.50
152.00 113.50
152.50 114.00
153.00 114.50
153.50 114.50
154.00 115.00
154.00 115.50
154.50 116.00
155.00 116.00
155.50 116.50
156.00 117.00
156.50 117.50
157.00 118.00
157.50 118.50
158.00 119.00
158.50 119.50
158.50 120.00
159.00 120.50
159.50 120.50
160.00 121.00
160.00 121.50
160.50 122.00
161.00 122.50
161.00 123.00
161.50 123.50
162.00 124.00
162.00 124.50
162.50 125.00
162.50 125.50
