156.00 142.50
156.00 143.00
155.50 143.50
155.00 144.00
155.00 144.50
155.00 145.00
154.50 145.50
154.00 146.00
154.00 146.50
153.50 147.00
153.50 147.50
153.00 148.00
152.50 148.50
152.50 149.00
152.00 149.50
152.00 150.00
151.50 150.50
151.50 151.00
151.00 151.50
150.50 152.00
150.00 152.50
149.50 153.00
149.00 153.50
148.50 154.00
148.00 154.50
147.50 155.00
147.00 155.00
146.50 155.50
146.00 156.00
145.50 156.00
145.00 156.50
144.50 157.00
144.00 157.00
143.50 157.50
143.00 157.50
142.50 158.00
142.00 158.00
141.50 158.00
141.00 158.50
140.50 158.50
140.00 159.00
139.50 159.00
139.00 159.00
138.50 159.00
138.00 159.50
137.50 159.50
137.00 159.50
136.50 160.00
136.00 160.00
135.50 160.00
135.00 160.00
134.50 160.00
134.00 160.50
133.50 160.50
133.00 160.50
132.50 160.50
132.00 160.50
131.50 160.50
131.00 160.50
130.50 161.00
130.00 161.00
129.50 161.00
129.00 161.00
128.50 161.00
128.00 161.00
127.50 161.00
127.00 161.00
126.50 161.00
126.00 161.00
125.50 161.00
125.00 161.00
124.50 161.00
124.00 161.00
123.50 161.00
123.00 161.00
122.50 161.00
122.00 161.00
121.50 161.00
121.00 161.00
120.50 161.00
120.00 161.00
119.50 161.00
119.00 161.00
118.50 160.50
118.00 160.50
117.50 160.50
117.00 160.50
116.50 160.50
116.00 160.50
115.50 160.50
115.00 160.50
114.50 160.50
114.00 160.50
113.50 160.50
113.00 160.00
112.50 160.00
112.00 160.00
111.50 160.00
111.00 160.00
110.50 160.00
110.00 160.00
109.50 160.00
109.00 159.50
108.50 159.50
108.00 159.50
107.50 159.00
107.00 159.00
106.50 158.50
106.00 158.50
105.50 158.50
105.00 158.00
104.50 158.00
104.00 157.50
103.50 157.50
103.00 157.00
102.50 156.50
102.00 156.00
101.50 156.00
101.00 155.50
100.50 155.50
100.00 155.00
99.50 154.50
99.00 154.00
98.50 153.50
98.00 153.50
97.50 153.00
97.00 152.50
96.50 152.00
96.00 151.50
95.50 151.00
95.00 150.50
95.00 150.00
94.50 149.50
94.00 149.00
93.50 148.50
93.50 148.00
93.00 147.50
93.00 147.00
92.50 146.50
92.50 146.00
92.00 145.50
92.00 145.00
92.00 144.50
92.00 144.00
91.50 143.50
91.50 143.00
91.50 142.50
91.50 142.00
91.00 141.50
91.00 141.00
91.00 140.50
91.00 140.00
91.00 139.50
90.50 139.00
90.50 138.50
90.50 138.00
90.50 137.50
90.50 137.00
90.50 136.50
90.50 136.00
90.50 135.50
90.50 135.00
90.50 134.50
90.50 134.00
90.50 133.50
91.00 133.00
91.00 132.50
91.00 132.00
91.00 131.50
91.00 131.00
91.00 130.50
91.00 130.00
91.00 129.50
91.50 129.00
91.50 128.50
91.50 128.00
91.50 127.50
92.00 127.00
92.00 126.50
92.00 126.00
92.50 125.50
93.00 125.00
93.00 124.50
93.50 124.00
93.50 123.50
93.50 123.00
93.50 122.50
93.50 122.00
94.00 121.50
94.00 121.00
94.00 120.50
94.50 120.00
94.50 119.50
94.50 119.00
94.50 118.50
95.00 118.00
95.00 117.50
95.00 117.00
95.50 116.50
95.50 116.00
95.50 115.50
96.00 115.00
96.00 114.50
96.00 114.00
96.50 113.50
96.50 113.00
97.00 112.50
97.50 112.00
97.50 111.50
97.50 111.00
98.00 110.50
98.00 110.00
98.50 109.50
98.50 109.00
99.00 108.50
99.50 108.00
99.50 107.50
100.00 107.00
100.50 106.50
100.50 106.00
101.00 105.50
101.50 105.00
102.00 104.50
102.00 104.00
102.50 103.50
103.00 103.00
103.50 102.50
104.00 102.00
104.50 101.50
104.50 101.00
105.00 100.50
105.50 100.00
106.00 100.00
106.50 99.50
107.00 99.00
107.50 98.50
108.00 98.50
108.50 98.00
109.00 97.50
109.50 97.50
110.00 97.00
110.50 96.50
111.00 96.50
111.50 96.00
112.00 96.00
112.50 96.00
113.00 95.50
113.50 95.50
114.00 95.00
114.50 95.00
115.00 94.50
115.50 94.50
116.00 94.50
116.50 94.00
117.00 94.00
117.50 94.00
118.00 93.50
118.50 93.50
119.00 93.50
119.50 93.00
120.00 93.00
120.50 93.00
121.00 92.50
121.50 92.50
122.00 92.50
122.50 92.50
123.00 92.00
123.50 92.00
124.00 92.00
124.50 92.00
125.00 92.00
125.50 92.00
126.00 91.50
126.50 91.50
127.00 91.50
127.50 91.50
128.00 91.50
128.50 91.50
129.00 91.50
129.50 91.50
130.00 91.50
130.50 91.50
131.00 91.50
131.50 91.50
132.00 91.50
132.50 91.50
133.00 91.50
133.50 91.50
134.00 91.50
134.50 91.50
135.00 92.00
135.50 92.00
136.00 92.00
136.50 92.00
137.00 92.00
137.50 92.00
138.00 92.50
138.50 92.50
139.00 92.50
139.50 92.50
140.00 93.00
140.50 93.00
141.00 93.50
141.50 93.50
142.00 93.50
142.50 94.00
143.00 94.00
143.50 94.50
144.00 94.50
144.50 95.00
145.00 95.00
145.50 95.50
146.00 96.00
146.50 96.50
147.00 96.50
147.50 97.00
147.50 97.50
148.00 98.00
148.50 98.50
149.00 99.00
149.50 99.50
150.00 100.00
150.00 100.50
150.50 101.00
151.00 101.50
151.00 102.00
151.50 102.50
152.00 103.00
152.00 103.50
152.50 104.00
152.50 104.50
153.00 105.00
153.00 105.50
153.00 106.00
153.50 106.50
153.50 107.00
154.00 107.50
154.00 108.00
154.50 108.50
154.50 109.00
154.50 109.50
155.00 110.00
155.00 110.50
155.00 111.00
155.50 111.50
155.50 112.00
155.50 112.50
156.00 113.00
156.00 113.50
156.00 114.00
156.00 114.50
156.50 115.00
156.50 115.50
156.50 116.00
157.00 116.50
157.00 117.00
157.00 117.50
157.00 118.00
157.00 118.50
157.50 119.00
157.50 119.50
157.50 120.00
157.50 120.50
157.50 121.00
158.00 121.50
158.00 122.00
158.00 122.50
158.00 123.00
158.00 123.50
158.00 124.00
158.00 124.50
158.50 125.00
158.50 125.50
158.50 126.00
158.50 126.50
158.50 127.00
158.50 127.50
158.50 128.00
158.50 128.50
158.50 129.00
158.50 129.50
158.50 130.00
158.50 130.50
158.50 131.00
158.50 131.50
158.50 132.00
158.50 132.50
158.00 133.00
158.00 133.50
158.00 134.00
158.00 134.50
158.00 135.00
158.00 135.50
158.00 136.00
157.50 136.50
157.50 137.00
157.50 137.50
157.50 138.00
157.00 138.50
157.00 139.00
157.00 139.50
157.00 140.00
156.50 140.50
156.50 141.00
156.50 141.50
156.00 142.00
