134.00 106.50
134.50 106.50
135.00 106.00
135.50 106.00
136.00 106.00
136.50 105.50
137.00 105.50
137.50 105.50
138.00 105.50
138.50 105.00
139.00 105.00
139.50 105.00
140.00 105.00
140.50 104.50
141.00 104.50
141.50 104.50
142.00 104.50
142.50 104.50
143.00 104.50
143.50 104.50
144.00 104.00
144.50 104.00
145.00 104.00
145.50 104.00
146.00 104.00
146.50 104.00
147.00 104.00
147.50 104.00
148.00 104.00
148.50 104.00
149.00 104.50
149.50 104.50
150.00 104.50
150.50 104.50
151.00 104.50
151.50 105.00
152.00 105.00
152.50 105.50
153.00 105.50
153.50 106.00
154.00 106.00
154.50 106.50
155.00 107.00
155.50 107.00
156.00 107.50
156.50 108.00
157.00 108.00
157.50 108.50
158.00 109.00
158.50 109.50
159.00 110.00
159.50 110.00
160.00 110.50
160.50 111.00
161.00 111.50
161.00 112.00
161.50 112.50
162.00 113.00
162.50 113.50
163.00 114.00
163.50 114.50
163.50 115.00
164.00 115.50
164.50 116.00
164.50 116.50
165.00 117.00
165.00 117.50
165.50 118.00
165.50 118.50
165.50 119.00
166.00 119.50
166.50 120.00
166.50 120.50
166.50 121.00
166.50 121.50
167.00 122.00
167.00 122.50
167.00 123.00
167.00 123.50
167.50 124.00
167.50 124.50
167.50 125.00
167.50 125.50
167.50 126.00
167.50 126.50
167.50 127.00
167.50 127.50
167.50 128.00
167.50 128.50
167.50 129.00
167.50 129.50
167.50 130.00
167.50 130.50
167.50 131.00
167.50 131.50
167.00 132.00
167.00 132.50
167.00 133.00
167.00 133.50
166.50 134.00
166.50 134.50
166.50 135.00
166.50 135.50
166.00 136.00
166.00 136.50
165.50 137.00
165.50 137.50
165.50 138.00
165.00 138.50
165.00 139.00
164.50 139.50
164.50 140.00
164.00 140.50
164.00 141.00
163.50 141.50
163.50 142.00
163.00 142.50
163.00 143.00
162.50 143.50
162.00 144.00
161.50 144.50
161.50 145.00
161.50 145.50
161.00 146.00
160.50 146.50
160.00 147.00
160.00 147.50
159.50 148.00
159.00 148.50
158.50 149.00
158.00 149.50
158.00 150.00
157.50 150.50
157.00 151.00
156.50 151.50
156.00 152.00
155.50 152.50
155.00 153.00
154.50 153.50
154.00 153.50
153.50 154.00
153.00 154.50
152.50 154.50
152.00 155.00
151.50 155.00
151.00 155.50
150.50 155.50
150.00 156.00
149.50 156.00
149.00 156.00
148.50 156.00
148.00 156.50
147.50 156.50
147.00 156.50
146.50 156.50
146.00 156.50
145.50 156.50
145.00 156.50
144.50 156.50
144.00 156.50
143.50 156.50
143.00 156.00
142.50 156.00
142.00 156.00
141.50 156.00
141.00 156.00
140.50 156.00
140.00 155.50
139.50 155.50
139.00 155.50
138.50 155.00
138.00 155.00
137.50 155.00
137.00 155.00
136.50 154.50
136.00 154.50
135.50 154.50
135.00 154.00
134.50 154.00
134.00 154.00
133.50 153.50
133.00 153.50
132.50 153.50
132.00 153.00
131.50 153.00
131.00 153.00
130.50 152.50
130.00 152.50
129.50 152.00
129.00 152.00
128.50 152.00
128.00 151.50
127.50 151.50
127.00 151.00
126.50 151.00
126.00 150.50
125.50 150.50
125.00 150.00
124.50 150.00
124.00 149.50
123.50 149.00
123.00 148.50
122.50 148.00
122.00 147.50
121.50 147.00
121.00 146.50
121.00 146.00
120.50 145.50
120.50 145.00
120.50 144.50
120.00 144.00
120.00 143.50
120.00 143.00
120.00 142.50
119.50 142.00
119.50 141.50
119.50 141.00
119.50 140.50
119.50 140.00
119.00 139.50
119.00 139.00
119.00 138.50
119.00 138.00
119.00 137.50
119.00 137.00
119.00 136.50
119.00 136.00
119.00 135.50
119.00 135.00
119.00 134.50
119.00 134.00
119.00 133.50
119.00 133.00
119.00 132.50
119.50 132.00
119.50 131.50
119.50 131.00
119.50 130.50
119.50 130.00
119.50 129.50
120.00 129.00
120.00 128.50
120.00 128.00
120.00 127.50
120.50 127.00
120.50 126.50
120.50 126.00
121.00 125.50
121.00 125.00
121.50 124.50
121.50 124.00
121.50 123.50
121.50 123.00
122.00 122.50
122.00 122.00
122.00 121.50
122.50 121.00
122.50 120.50
122.50 120.00
123.00 119.50
123.00 119.00
123.50 118.50
123.50 118.00
123.50 117.50
124.00 117.00
124.00 116.50
124.50 116.00
125.00 115.50
125.00 115.00
125.50 114.50
126.00 114.00
126.50 113.50
126.50 113.00
127.00 112.50
127.50 112.00
128.00 111.50
128.50 111.00
129.00 111.00
129.50 110.50
130.00 110.00
130.50 109.50
131.00 109.00
131.50 108.50
132.00 108.50
132.50 108.00
133.00 107.50
133.50 107.00
