118.50 133.50
118.50 133.00
118.50 132.50
118.50 132.00
119.00 131.50
119.00 131.00
119.00 130.50
119.00 130.00
119.00 129.50
119.50 129.00
119.50 128.50
119.50 128.00
119.50 127.50
119.50 127.00
119.50 126.50
120.00 126.00
120.00 125.50
120.00 125.00
120.00 124.50
120.50 124.00
120.50 123.50
120.50 123.00
120.50 122.50
120.50 122.00
121.00 121.50
121.00 121.00
121.00 120.50
121.00 120.00
121.50 119.50
121.50 119.00
121.50 118.50
122.00 118.00
122.00 117.50
122.00 117.00
122.00 116.50
122.50 116.00
122.50 115.50
123.00 115.00
123.00 114.50
123.00 114.00
123.50 113.50
123.50 113.00
123.50 112.50
124.00 112.00
124.00 111.50
124.50 111.00
125.00 110.50
125.00 110.00
125.00 109.50
125.50 109.00
125.50 108.50
126.00 108.00
126.50 107.50
126.50 107.00
127.00 106.50
127.50 106.00
127.50 105.50
128.00 105.00
128.50 104.50
128.50 104.00
129.00 103.50
129.50 103.00
130.00 102.50
130.50 102.00
131.00 101.50
131.50 101.50
132.00 101.00
132.50 100.50
133.00 100.00
133.50 99.50
134.00 99.50
134.50 99.50
135.00 99.00
135.50 98.50
136.00 98.50
136.50 98.50
137.00 98.00
137.50 98.00
138.00 97.50
138.50 97.50
139.00 97.50
139.50 97.00
140.00 97.00
140.50 97.00
141.00 97.00
141.50 96.50
142.00 96.50
142.50 96.50
143.00 96.00
143.50 95.50
144.00 95.50
144.50 95.00
145.00 95.00
145.50 95.00
146.00 95.00
146.50 95.00
147.00 94.50
147.50 94.50
148.00 94.50
148.50 94.50
149.00 94.50
149.50 94.50
150.00 94.50
150.50 94.50
151.00 94.50
151.50 94.50
152.00 94.50
152.50 94.50
153.00 94.50
153.50 94.50
154.00 95.00
154.50 95.00
155.00 95.00
155.50 95.00
156.00 95.50
156.50 95.50
157.00 96.00
157.50 96.00
158.00 96.50
158.50 96.50
159.00 97.00
159.50 97.50
160.00 97.50
160.50 98.00
161.00 98.50
161.50 99.00
162.00 99.50
162.50 100.00
163.00 100.50
163.50 101.00
164.00 101.50
164.50 102.00
165.00 102.50
165.50 103.00
165.50 103.50
166.00 104.00
166.50 104.50
166.50 105.00
167.00 105.50
167.50 106.00
167.50 106.50
168.00 107.00
168.50 107.50
168.50 108.00
169.00 108.50
169.00 109.00
169.50 109.50
169.50 110.00
170.00 110.50
170.00 111.00
170.00 111.50
170.50 112.00
170.50 112.50
171.00 113.00
171.00 113.50
171.00 114.00
171.50 114.50
171.50 115.00
171.50 115.50
171.50 116.00
172.00 116.50
172.00 117.00
172.00 117.50
172.00 118.00
172.00 118.50
172.50 119.00
172.50 119.50
172.50 120.00
172.50 120.50
172.50 121.00
172.50 121.50
172.50 122.00
172.50 122.50
172.50 123.00
172.50 123.50
172.50 124.00
172.50 124.50
172.50 125.00
172.50 125.50
172.50 126.00
172.50 126.50
172.00 127.00
172.00 127.50
172.00 128.00
172.00 128.50
172.00 129.00
172.00 129.50
171.50 130.00
171.50 130.50
171.50 131.00
171.50 131.50
171.00 132.00
171.00 132.50
171.00 133.00
170.50 133.50
170.50 134.00
170.50 134.50
170.00 135.00
170.00 135.50
169.50 136.00
169.00 136.50
169.00 137.00
169.00 137.50
168.50 138.00
168.50 138.50
168.00 139.00
167.50 139.50
167.50 140.00
167.00 140.50
166.50 141.00
166.00 141.50
166.00 142.00
165.50 142.50
165.00 142.50
164.50 143.00
164.50 143.50
164.00 144.00
163.50 144.00
163.00 144.50
162.50 145.00
162.00 145.50
161.50 146.00
161.00 146.50
160.50 146.50
160.00 147.00
159.50 147.00
159.00 147.50
158.50 148.00
158.00 148.00
157.50 148.50
157.00 148.50
156.50 149.00
156.00 149.00
155.50 149.50
155.00 149.50
154.50 150.00
154.00 150.00
153.50 150.00
153.00 150.50
152.50 150.50
152.00 151.00
151.50 151.00
151.00 151.00
150.50 151.50
150.00 151.50
149.50 151.50
149.00 152.00
148.50 152.00
148.00 152.00
147.50 152.50
147.00 152.50
146.50 152.50
146.00 152.50
145.50 152.50
145.00 153.00
144.50 153.00
144.00 153.00
143.50 153.00
143.00 153.50
142.50 153.50
142.00 153.50
141.50 153.50
141.00 153.50
140.50 153.50
140.00 153.50
139.50 153.50
139.00 153.50
138.50 153.50
138.00 154.00
137.50 154.00
137.00 154.00
136.50 154.00
136.00 154.00
135.50 153.50
135.00 153.50
134.50 153.50
134.00 153.50
133.50 153.50
133.00 153.50
132.50 153.50
132.00 153.50
131.50 153.00
131.00 153.00
130.50 153.00
130.00 152.50
129.50 152.50
129.00 152.50
128.50 152.00
128.00 151.50
127.50 151.50
127.00 151.50
126.50 151.00
126.00 150.50
125.50 150.00
125.00 149.50
124.50 149.00
124.00 148.50
123.50 148.00
123.50 147.50
123.00 147.00
123.00 146.50
122.50 146.00
122.00 145.50
122.00 145.00
122.00 144.50
121.50 144.00
121.50 143.50
121.00 143.00
121.00 142.50
121.00 142.00
120.50 141.50
120.50 141.00
120.50 140.50
120.50 140.00
120.00 139.50
120.00 139.00
120.00 138.50
120.00 138.00
119.50 137.50
119.50 137.00
119.50 136.50
119.50 136.00
119.50 135.50
119.50 135.00
119.50 134.50
119.00 134.00
