111.50 101.50
112.00 101.00
112.50 101.00
113.00 100.50
113.50 100.00
114.00 100.00
114.50 99.50
115.00 99.50
115.50 99.00
116.00 98.50
116.50 98.50
117.00 98.00
117.50 97.50
118.00 97.50
118.50 97.00
119.00 97.00
119.50 96.50
120.00 96.00
120.50 96.00
121.00 95.50
121.50 95.50
122.00 95.00
122.50 95.00
123.00 94.50
123.50 94.50
124.00 94.00
124.50 94.00
125.00 93.50
125.50 93.50
126.00 93.50
126.50 93.00
127.00 93.00
127.50 93.00
128.00 92.50
128.50 92.50
129.00 92.50
129.50 92.50
130.00 92.50
130.50 92.00
131.00 92.00
131.50 92.00
132.00 92.00
132.50 92.00
133.00 92.00
133.50 92.00
134.00 92.00
134.50 92.00
135.00 92.00
135.50 92.00
136.00 92.00
136.50 92.00
137.00 92.00
137.50 92.00
138.00 92.00
138.50 92.00
139.00 92.00
139.50 92.50
140.00 92.50
140.50 92.50
141.00 92.50
141.50 92.50
142.00 93.00
142.50 93.00
143.00 93.00
143.50 93.50
144.00 93.50
144.50 93.50
145.00 94.00
145.50 94.00
146.00 94.50
146.50 94.50
147.00 95.00
147.50 95.00
148.00 95.00
148.50 95.50
149.00 96.00
149.50 96.00
150.00 96.50
150.50 96.50
151.00 97.00
151.50 97.00
152.00 97.50
152.50 97.50
153.00 98.00
153.50 98.50
154.00 98.50
154.50 99.00
155.00 99.50
155.50 99.50
156.00 100.00
155.50 100.50
156.00 101.00
156.50 101.00
157.00 101.50
157.50 102.00
158.00 102.50
158.50 103.00
159.00 103.50
159.00 104.00
159.50 104.50
160.00 105.00
160.00 105.50
160.50 106.00
160.50 106.50
161.00 107.00
161.50 107.50
161.50 108.00
161.50 108.50
162.00 109.00
162.00 109.50
162.00 110.00
162.50 110.50
162.50 111.00
162.50 111.50
163.00 112.00
163.00 112.50
163.00 113.00
163.00 113.50
163.00 114.00
163.00 114.50
163.00 115.00
163.50 115.50
163.50 116.00
163.50 116.50
163.50 117.00
163.50 117.50
163.50 118.00
163.50 118.50
163.50 119.00
163.50 119.50
163.50 120.00
163.50 120.50
163.50 121.00
163.50 121.50
163.50 122.00
163.50 122.50
163.50 123.00
163.50 123.50
163.50 124.00
163.50 124.50
163.50 125.00
163.50 125.50
163.50 126.00
163.50 126.50
163.50 127.00
163.50 127.50
163.50 128.00
163.50 128.50
163.50 129.00
163.50 129.50
163.00 130.00
163.00 130.50
163.00 131.00
163.00 131.50
163.00 132.00
162.50 132.50
162.50 133.00
162.50 133.50
162.00 134.00
162.00 134.50
162.00 135.00
161.50 135.50
161.50 136.00
161.00 136.50
161.00 137.00
160.50 137.50
160.00 138.00
159.50 138.50
159.50 139.00
159.00 139.50
158.50 140.00
158.00 140.50
157.50 141.00
157.00 141.50
156.50 142.00
156.00 142.50
155.50 143.00
155.00 143.50
154.50 143.50
154.00 144.00
153.50 144.00
153.00 144.50
152.50 145.00
152.00 145.50
151.50 145.50
151.00 146.00
150.50 146.00
150.00 146.50
149.50 146.50
149.00 147.00
148.50 147.00
148.00 147.00
147.50 147.50
147.00 147.50
146.50 148.00
146.00 148.00
145.50 148.00
145.00 148.50
144.50 148.50
144.00 148.50
143.50 149.00
143.00 149.00
142.50 149.00
142.00 149.00
141.50 149.50
141.00 149.50
140.50 149.50
140.00 149.50
139.50 149.50
139.00 150.00
138.50 150.00
138.00 150.00
137.50 150.00
137.00 150.00
136.50 150.00
136.00 150.00
135.50 150.00
135.00 150.00
134.50 150.00
134.00 150.00
133.50 150.00
133.00 150.00
132.50 150.00
132.00 150.00
131.50 150.00
131.00 150.00
130.50 150.00
130.00 150.00
129.50 150.00
129.00 150.00
128.50 150.00
128.00 150.00
127.50 149.50
127.00 149.50
126.50 149.50
126.00 149.50
125.50 149.50
125.00 149.50
124.50 149.00
124.00 149.00
123.50 149.00
123.00 149.00
122.50 148.50
122.00 148.50
121.50 148.50
121.00 148.00
120.50 148.00
120.00 148.00
119.50 147.50
119.00 147.50
118.50 147.50
118.00 147.00
117.50 147.00
117.00 146.50
116.50 146.50
116.00 146.50
115.50 146.00
115.00 146.00
114.50 145.50
114.00 145.50
113.50 145.50
113.00 145.00
112.50 145.00
112.00 144.50
111.50 144.50
111.00 144.00
110.50 144.00
110.00 143.50
109.50 143.50
109.00 143.00
108.50 142.50
108.00 142.50
107.50 142.00
107.00 141.50
106.50 141.00
106.00 141.00
105.50 140.50
105.00 140.00
104.50 139.50
104.00 139.00
104.00 138.50
103.50 138.00
103.00 137.50
103.00 137.00
102.50 136.50
102.50 136.00
102.00 135.50
102.00 135.00
102.00 134.50
102.00 134.00
101.50 133.50
101.50 133.00
101.50 132.50
101.50 132.00
101.00 131.50
101.00 131.00
101.00 130.50
101.00 130.00
101.00 129.50
101.00 129.00
101.00 128.50
101.00 128.00
101.00 127.50
101.00 127.00
101.00 126.50
101.00 126.00
101.00 125.50
101.00 125.00
101.00 124.50
101.50 124.00
101.50 123.50
101.50 123.00
101.50 122.50
101.50 122.00
101.50 121.50
102.00 121.00
102.00 120.50
102.00 120.00
102.00 119.50
102.50 119.00
102.50 118.50
102.50 118.00
102.50 117.50
103.00 117.00
103.00 116.50
103.00 116.00
103.50 115.50
103.50 115.00
103.50 114.50
104.00 114.00
104.00 113.50
104.00 113.00
104.50 112.50
104.50 112.00
104.50 111.50
105.00 111.00
105.00 110.50
105.50 110.00
105.50 109.50
106.00 109.00
106.00 108.50
106.50 108.00
106.50 107.50
107.00 107.00
107.00 106.50
107.50 106.00
107.50 105.50
108.00 105.00
108.50 104.50
109.00 104.00
109.50 103.50
110.00 103.00
110.50 102.50
111.00 102.00
