115.50 111.00
116.00 110.50
116.50 110.00
117.00 109.50
117.00 109.00
117.50 108.50
118.00 108.00
118.50 107.50
119.00 107.00
119.50 106.50
120.00 106.00
120.50 106.00
121.00 105.50
121.50 105.00
122.00 105.00
122.50 104.50
123.00 104.50
123.50 104.00
124.00 104.00
124.50 103.50
125.00 103.00
125.50 103.00
126.00 103.00
126.50 102.50
127.00 102.50
127.50 102.50
128.00 102.50
128.50 102.00
129.00 102.00
129.50 102.00
130.00 101.50
130.50 101.50
131.00 101.50
131.50 101.50
132.00 101.50
132.50 101.50
133.00 101.00
133.50 101.00
134.00 101.00
134.50 101.00
135.00 101.00
135.50 101.00
136.00 101.00
136.50 101.00
137.00 101.00
137.50 101.00
138.00 101.00
138.50 101.00
139.00 101.00
139.50 101.00
140.00 101.00
140.50 101.00
141.00 101.00
141.50 101.00
142.00 101.00
142.50 101.50
143.00 101.50
143.50 101.50
144.00 101.50
144.50 101.50
145.00 101.50
145.50 102.00
146.00 102.00
146.50 102.00
147.00 102.50
147.50 102.50
148.00 103.00
148.50 103.00
149.00 103.00
149.50 103.50
150.00 104.00
150.50 104.00
151.00 104.50
151.50 105.00
152.00 105.00
152.50 105.50
152.50 106.00
153.00 106.50
153.50 107.00
154.00 107.50
154.50 108.00
155.00 108.50
155.50 109.00
155.50 109.50
156.00 110.00
156.00 110.50
156.50 111.00
157.00 111.50
157.00 112.00
157.50 112.50
157.50 113.00
158.00 113.50
158.00 114.00
158.50 114.50
158.50 115.00
158.50 115.50
159.00 116.00
159.00 116.50
159.00 117.00
159.50 117.50
159.50 118.00
159.50 118.50
160.00 119.00
160.00 119.50
160.00 120.00
160.00 120.50
160.50 121.00
160.50 121.50
160.50 122.00
160.50 122.50
160.50 123.00
160.50 123.50
160.50 124.00
161.00 124.50
161.00 125.00
161.00 125.50
161.00 126.00
161.00 126.50
161.00 127.00
161.00 127.50
161.00 128.00
161.00 128.50
161.00 129.00
161.00 129.50
161.00 130.00
161.00 130.50
161.00 131.00
161.00 131.50
160.50 132.00
160.50 132.50
160.50 133.00
160.50 133.50
160.50 134.00
160.50 134.50
160.00 135.00
160.00 135.50
160.00 136.00
160.00 136.50
160.00 137.00
159.50 137.50
159.50 138.00
159.50 138.50
159.00 139.00
159.00 139.50
159.00 140.00
158.50 140.50
158.50 141.00
158.00 141.50
158.00 142.00
158.00 142.50
157.50 143.00
157.00 143.50
157.00 144.00
156.50 144.50
156.00 145.00
155.50 145.50
155.50 146.00
155.00 146.50
154.50 146.50
154.00 147.00
153.50 147.50
153.00 148.00
152.50 148.00
152.00 148.50
151.50 148.50
151.00 149.00
150.50 149.00
150.00 149.50
149.50 149.50
149.00 149.50
148.50 149.50
148.00 150.00
147.50 150.00
147.00 150.00
146.50 150.00
146.00 150.00
145.50 150.50
145.00 150.50
144.50 150.50
144.00 150.50
143.50 150.50
143.00 150.50
142.50 150.50
142.00 150.50
141.50 150.50
141.00 150.50
140.50 150.50
140.00 150.50
139.50 150.50
139.00 150.50
138.50 150.50
138.00 150.50
137.50 150.50
137.00 150.50
136.50 150.00
136.00 150.00
135.50 150.00
135.00 150.00
134.50 150.00
134.00 150.00
133.50 150.00
133.00 150.00
132.50 150.00
132.00 149.50
131.50 149.50
131.00 149.50
130.50 149.50
130.00 149.50
129.50 149.50
129.00 149.50
128.50 149.00
128.00 149.00
127.50 149.00
127.00 149.00
126.50 149.00
126.00 148.50
125.50 148.50
125.00 148.50
124.50 148.50
124.00 148.00
123.50 148.00
123.00 147.50
122.50 147.50
122.00 147.00
121.50 147.00
121.00 146.50
120.50 146.00
120.00 146.00
119.50 145.50
119.00 145.00
118.50 144.50
118.00 144.00
118.00 143.50
117.50 143.00
117.50 142.50
117.00 142.00
116.50 141.50
116.00 141.00
115.50 140.50
115.50 140.00
115.50 139.50
115.00 139.00
114.50 138.50
114.50 138.00
114.50 137.50
114.00 137.00
113.50 136.50
113.50 136.00
113.00 135.50
113.00 135.00
113.00 134.50
112.50 134.00
112.50 133.50
112.50 133.00
112.00 132.50
112.00 132.00
111.50 131.50
111.50 131.00
111.50 130.50
111.50 130.00
111.00 129.50
111.00 129.00
111.00 128.50
111.00 128.00
111.00 127.50
111.00 127.00
111.00 126.50
110.50 126.00
110.50 125.50
110.50 125.00
110.50 124.50
110.50 124.00
110.50 123.50
111.00 123.00
111.00 122.50
111.00 122.00
111.00 121.50
111.00 121.00
111.00 120.50
111.00 120.00
111.50 119.50
111.50 119.00
111.50 118.50
112.00 118.00
112.00 117.50
112.00 117.00
112.50 116.50
112.50 116.00
113.00 115.50
113.00 115.00
113.50 114.50
113.50 114.00
114.00 113.50
114.00 113.00
114.50 112.50
114.50 112.00
115.00 111.50
