137.50 101.50
138.00 101.50
138.50 102.00
139.00 102.00
139.50 102.00
140.00 102.00
140.50 102.50
141.00 102.50
141.50 103.00
142.00 103.00
142.50 103.50
143.00 103.50
143.50 104.00
144.00 104.00
144.50 104.50
145.00 105.00
145.50 105.00
146.00 105.50
146.50 106.00
147.00 106.00
147.50 106.50
148.00 107.00
148.50 107.50
149.00 108.00
149.50 108.50
150.00 109.00
150.50 109.50
151.00 110.00
151.50 110.50
152.00 111.00
152.00 111.50
152.50 112.00
153.00 112.50
153.50 113.00
153.50 113.50
154.00 114.00
154.00 114.50
154.50 115.00
154.50 115.50
155.00 116.00
155.50 116.50
155.50 117.00
155.50 117.50
156.00 118.00
156.00 118.50
156.50 119.00
156.50 119.50
157.00 120.00
157.00 120.50
157.00 121.00
157.00 121.50
157.50 122.00
157.50 122.50
157.50 123.00
157.50 123.50
158.00 124.00
158.00 124.50
158.00 125.00
158.00 125.50
158.00 126.00
158.50 126.50
158.50 127.00
158.50 127.50
158.50 128.00
158.50 128.50
158.50 129.00
158.50 129.50
158.50 130.00
158.50 130.50
158.50 131.00
158.50 131.50
158.50 132.00
158.50 132.50
158.50 133.00
158.50 133.50
158.50 134.00
158.50 134.50
158.50 135.00
158.00 135.50
158.00 136.00
158.00 136.50
158.00 137.00
157.50 137.50
157.50 138.00
157.50 138.50
157.50 139.00
157.50 139.50
157.00 140.00
157.00 140.50
156.50 141.00
156.50 141.50
156.50 142.00
156.00 142.50
156.00 143.00
155.50 143.50
155.50 144.00
155.00 144.50
155.00 145.00
154.50 145.50
154.00 146.00
153.50 146.50
153.00 147.00
152.50 147.50
152.00 148.00
151.50 148.50
151.00 149.00
150.50 149.50
150.00 150.00
149.50 150.50
149.00 150.50
148.50 151.00
148.00 151.00
147.50 151.50
147.00 152.00
146.50 152.00
146.00 152.50
145.50 152.50
145.00 153.00
144.50 153.00
144.00 153.50
143.50 153.50
143.00 154.00
142.50 154.00
142.00 154.50
141.50 154.50
141.00 154.50
140.50 155.00
140.00 155.00
139.50 155.50
139.00 155.50
138.50 155.50
138.00 156.00
137.50 156.00
137.00 156.50
136.50 156.50
136.00 156.50
135.50 156.50
135.00 156.50
134.50 157.00
134.00 157.00
133.50 157.00
133.00 157.00
132.50 157.50
132.00 157.50
131.50 157.50
131.00 157.50
130.50 157.50
130.00 157.50
129.50 157.50
129.00 157.50
128.50 157.50
128.00 157.50
127.50 157.50
127.00 157.50
126.50 157.50
126.00 157.50
125.50 157.00
125.00 157.00
124.50 156.50
124.00 156.50
123.50 156.50
123.00 156.00
122.50 156.00
122.00 155.50
121.50 155.50
121.00 155.00
120.50 154.50
120.00 154.00
119.50 154.00
119.00 153.50
118.50 153.00
118.00 152.50
118.00 152.00
117.50 151.50
117.00 151.00
116.50 150.50
116.00 150.00
116.00 149.50
115.50 149.00
115.00 148.50
115.00 148.00
114.50 147.50
114.50 147.00
114.00 146.50
114.00 146.00
113.50 145.50
113.50 145.00
113.50 144.50
113.00 144.00
113.00 143.50
113.00 143.00
113.00 142.50
112.50 142.00
112.50 141.50
112.50 141.00
112.50 140.50
112.00 140.00
112.00 139.50
112.00 139.00
112.00 138.50
112.00 138.00
112.00 137.50
112.00 137.00
111.50 136.50
111.50 136.00
111.50 135.50
111.50 135.00
111.50 134.50
111.50 134.00
111.50 133.50
111.50 133.00
111.50 132.50
111.50 132.00
111.50 131.50
111.50 131.00
111.50 130.50
111.50 130.00
111.50 129.50
111.50 129.00
111.50 128.50
111.50 128.00
111.50 127.50
111.50 127.00
111.50 126.50
111.50 126.00
111.50 125.50
111.50 125.00
111.50 124.50
112.00 124.00
112.00 123.50
112.00 123.00
112.00 122.50
112.00 122.00
112.00 121.50
112.50 121.00
112.50 120.50
112.50 120.00
112.50 119.50
113.00 119.00
113.00 118.50
113.00 118.00
113.50 117.50
113.50 117.00
113.50 116.50
114.00 116.00
114.00 115.50
114.00 115.00
114.50 114.50
115.00 114.00
115.00 113.50
115.50 113.00
115.50 112.50
116.00 112.00
116.50 111.50
116.50 111.00
117.00 110.50
117.50 110.00
117.50 109.50
118.00 109.00
118.50 108.50
119.00 108.00
119.50 107.50
120.00 107.00
120.50 106.50
121.00 106.00
121.50 105.50
122.00 105.50
122.50 105.00
123.00 104.50
123.50 104.50
124.00 104.00
124.50 104.00
125.00 103.50
125.50 103.50
126.00 103.00
126.50 103.00
127.00 102.50
127.50 102.50
128.00 102.50
128.50 102.00
129.00 102.00
129.50 102.00
130.00 102.00
130.50 101.50
131.00 101.50
131.50 101.50
132.00 101.50
132.50 101.50
133.00 101.50
133.50 101.50
134.00 101.50
134.50 101.50
135.00 101.50
135.50 101.50
136.00 101.50
136.50 101.50
137.00 101.50
