142.50 144.50
142.00 144.50
141.50 144.50
141.00 145.00
140.50 145.00
140.00 145.00
139.50 145.50
139.00 145.50
138.50 145.50
138.00 145.50
137.50 145.50
137.00 145.50
136.50 145.50
136.00 145.50
135.50 145.50
135.00 145.50
134.50 145.50
134.00 145.50
133.50 145.00
133.00 145.00
132.50 145.00
132.00 145.00
131.50 145.00
131.00 145.00
130.50 145.00
130.00 144.50
129.50 144.50
129.00 144.50
128.50 144.00
128.00 144.00
127.50 143.50
127.00 143.50
126.50 143.50
126.00 143.00
125.50 143.00
125.00 142.50
124.50 142.50
124.00 142.50
123.50 142.00
123.00 141.50
122.50 141.50
122.00 141.00
121.50 140.50
121.00 140.50
120.50 140.00
120.00 139.50
119.50 139.50
119.00 139.00
118.50 138.50
118.00 138.00
117.50 137.50
117.00 137.00
116.50 136.50
116.00 136.00
115.50 135.50
115.50 135.00
115.00 134.50
114.50 134.00
114.00 133.50
114.00 133.00
113.50 132.50
113.50 132.00
113.00 131.50
113.00 131.00
112.50 130.50
112.00 130.00
112.00 129.50
112.00 129.00
111.50 128.50
111.50 128.00
111.50 127.50
111.00 127.00
111.00 126.50
111.00 126.00
111.00 125.50
111.00 125.00
110.50 124.50
110.50 124.00
110.50 123.50
110.50 123.00
110.50 122.50
110.50 122.00
110.50 121.50
110.50 121.00
110.50 120.50
110.50 120.00
110.50 119.50
110.50 119.00
110.50 118.50
110.50 118.00
111.00 117.50
111.00 117.00
111.00 116.50
111.00 116.00
111.50 115.50
111.50 115.00
111.50 114.50
111.50 114.00
112.00 113.50
112.00 113.00
112.50 112.50
112.50 112.00
112.50 111.50
113.00 111.00
113.00 110.50
113.50 110.00
114.00 109.50
114.50 109.00
115.00 108.50
115.00 108.00
115.50 107.50
116.00 107.00
116.50 106.50
117.00 106.00
117.50 105.50
118.00 105.50
118.50 105.00
119.00 104.50
119.50 104.00
120.00 104.00
120.50 103.50
121.00 103.50
121.50 103.00
122.00 103.00
122.50 102.50
123.00 102.50
123.50 102.00
124.00 102.00
124.50 102.00
125.00 102.00
125.50 101.50
126.00 101.50
126.50 101.50
127.00 101.00
127.50 101.00
128.00 101.00
128.50 101.00
129.00 101.00
129.50 101.00
130.00 100.50
130.50 100.50
131.00 100.50
131.50 100.50
132.00 100.50
132.50 100.50
133.00 100.50
133.50 100.50
134.00 100.50
134.50 100.50
135.00 100.50
135.50 100.50
136.00 100.50
136.50 100.50
137.00 100.50
137.50 100.50
138.00 100.50
138.50 101.00
139.00 101.00
139.50 101.00
140.00 101.00
140.50 101.00
141.00 101.50
141.50 101.50
142.00 101.50
142.50 102.00
143.00 102.00
143.50 102.00
144.00 102.50
144.50 102.50
145.00 103.00
145.50 103.00
146.00 103.00
146.50 103.50
147.00 103.50
147.50 104.00
148.00 104.50
148.50 105.00
149.00 105.00
149.50 105.50
150.00 106.00
150.50 106.50
151.00 107.00
151.50 107.50
152.00 108.00
152.50 108.50
153.00 109.00
153.50 109.50
154.00 110.00
154.00 110.50
154.50 111.00
154.50 111.50
155.00 112.00
155.50 112.50
155.50 113.00
156.00 113.50
156.00 114.00
156.50 114.50
156.50 115.00
156.50 115.50
157.00 116.00
157.00 116.50
157.00 117.00
157.50 117.50
157.50 118.00
157.50 118.50
157.50 119.00
157.50 119.50
157.50 120.00
157.50 120.50
157.50 121.00
157.50 121.50
157.50 122.00
157.50 122.50
157.50 123.00
157.50 123.50
157.50 124.00
157.50 124.50
157.50 125.00
157.50 125.50
157.50 126.00
157.50 126.50
157.00 127.00
157.00 127.50
157.00 128.00
156.50 128.50
156.50 129.00
156.50 129.50
156.50 130.00
156.00 130.50
156.00 131.00
155.50 131.50
155.50 132.00
155.50 132.50
155.00 133.00
154.50 133.50
154.50 134.00
154.00 134.50
154.00 135.00
153.50 135.50
153.50 136.00
153.00 136.50
152.50 137.00
152.00 137.50
151.50 138.00
151.50 138.50
151.00 139.00
150.50 139.50
150.00 140.00
149.50 140.50
149.00 141.00
148.50 141.00
148.00 141.50
147.50 142.00
147.00 142.00
146.50 142.50
146.00 143.00
145.50 143.00
145.00 143.50
144.50 143.50
144.00 144.00
143.50 144.00
143.00 144.50
