123.00 87.00
123.50 86.50
124.00 86.50
124.50 86.50
125.00 86.50
125.50 86.00
126.00 86.00
126.50 86.00
127.00 86.00
127.50 86.00
128.00 86.00
128.50 86.00
129.00 86.00
129.50 86.00
130.00 86.00
130.50 86.00
131.00 86.00
131.50 86.00
132.00 86.00
132.50 86.00
133.00 86.00
133.50 86.00
134.00 86.00
134.50 86.00
135.00 86.00
135.50 86.50
136.00 86.50
136.50 86.50
137.00 86.50
137.50 86.50
138.00 86.50
138.50 87.00
139.00 87.00
139.50 87.00
140.00 87.00
140.50 87.50
141.00 87.50
141.50 87.50
142.00 88.00
142.50 88.00
143.00 88.00
143.50 88.50
144.00 88.50
144.50 88.50
145.00 89.00
145.50 89.00
146.00 89.00
146.50 89.50
147.00 89.50
147.50 89.50
148.00 90.00
148.50 90.00
149.00 90.50
149.50 90.50
150.00 91.00
150.50 91.00
151.00 91.50
151.50 92.00
152.00 92.00
152.50 92.00
153.00 92.50
153.50 92.50
154.00 93.00
154.50 93.00
155.00 93.50
155.50 94.00
156.00 94.50
156.50 95.00
157.00 95.00
157.50 95.50
158.00 96.00
158.50 96.50
159.00 96.50
159.50 97.00
159.50 97.50
160.00 98.00
160.50 98.50
161.00 99.00
161.50 99.50
162.00 100.00
162.00 100.50
162.50 101.00
163.00 101.50
163.00 102.00
163.50 102.50
163.50 103.00
164.00 103.50
164.00 104.00
164.00 104.50
164.50 105.00
164.50 105.50
165.00 106.00
165.00 106.50
165.00 107.00
165.00 107.50
165.50 108.00
165.50 108.50
165.50 109.00
165.50 109.50
166.00 110.00
166.00 110.50
166.00 111.00
166.00 111.50
166.00 112.00
166.00 112.50
166.00 113.00
166.00 113.50
166.00 114.00
166.00 114.50
166.00 115.00
166.00 115.50
166.00 116.00
166.00 116.50
166.00 117.00
166.00 117.50
166.00 118.00
166.00 118.50
166.00 119.00
166.00 119.50
165.50 120.00
165.50 120.50
165.50 121.00
165.50 121.50
165.50 122.00
165.50 122.50
165.00 123.00
165.00 123.50
165.00 124.00
165.00 124.50
165.00 125.00
164.50 125.50
164.50 126.00
164.50 126.50
164.00 127.00
164.00 127.50
164.00 128.00
163.50 128.50
163.50 129.00
163.50 129.50
163.00 130.00
163.00 130.50
163.00 131.00
162.50 131.50
162.50 132.00
162.50 132.50
162.00 133.00
162.00 133.50
162.00 134.00
161.50 134.50
161.00 135.00
161.00 135.50
161.00 136.00
160.50 136.50
160.50 137.00
160.50 137.50
160.00 138.00
160.00 138.50
160.00 139.00
159.50 139.50
159.50 140.00
159.50 140.50
159.00 141.00
159.00 141.50
158.50 142.00
158.50 142.50
158.50 143.00
158.00 143.50
158.00 144.00
157.50 144.50
157.50 145.00
157.50 145.50
157.00 146.00
157.00 146.50
157.00 147.00
156.50 147.50
156.50 148.00
156.00 148.50
156.00 149.00
156.00 149.50
155.50 150.00
155.50 150.50
155.00 151.00
155.00 151.50
154.50 152.00
154.50 152.50
154.50 153.00
154.00 153.50
153.50 154.00
153.50 154.50
153.00 155.00
152.50 155.50
152.50 156.00
152.00 156.50
151.50 157.00
151.00 157.50
151.00 158.00
150.50 158.50
150.00 159.00
149.50 159.50
149.00 160.00
148.50 160.50
148.00 160.50
147.50 161.00
147.00 161.50
146.50 161.50
146.00 162.00
145.50 162.50
145.00 162.50
144.50 162.50
144.00 163.00
143.50 163.00
143.00 163.50
142.50 163.50
142.00 163.50
141.50 164.00
141.00 164.00
140.50 164.00
140.00 164.00
139.50 164.50
139.00 164.50
138.50 164.50
138.00 164.50
137.50 165.00
137.00 165.00
136.50 165.00
136.00 165.00
135.50 165.00
135.00 165.00
134.50 165.00
134.00 165.50
133.50 165.50
133.00 165.50
132.50 165.50
132.00 165.50
131.50 165.50
131.00 165.50
130.50 165.50
130.00 165.50
129.50 165.50
129.00 165.50
128.50 165.50
128.00 165.50
127.50 165.50
127.00 165.50
126.50 165.50
126.00 165.50
125.50 165.50
125.00 165.50
124.50 165.50
124.00 165.00
123.50 165.00
123.00 165.00
122.50 165.00
122.00 165.00
121.50 165.00
121.00 165.00
120.50 164.50
120.00 164.50
119.50 164.50
119.00 164.50
118.50 164.50
118.00 164.50
117.50 164.00
117.00 164.00
116.50 164.00
116.00 163.50
115.50 163.50
115.00 163.50
114.50 163.50
114.00 163.00
113.50 163.00
113.00 163.00
112.50 162.50
112.00 162.50
111.50 162.50
111.00 162.00
110.50 162.00
110.00 162.00
109.50 161.50
109.00 161.50
108.50 161.00
108.00 161.00
107.50 160.50
107.00 160.50
106.50 160.50
106.00 160.00
105.50 159.50
105.00 159.50
104.50 159.50
104.00 159.00
103.50 159.00
103.00 158.50
102.50 158.00
102.00 158.00
101.50 157.50
101.00 157.00
100.50 157.00
100.00 156.50
99.50 156.50
99.00 156.00
98.50 155.50
98.00 155.50
97.50 155.00
97.00 154.50
96.50 154.00
96.00 153.50
95.50 153.50
95.00 153.00
94.50 152.50
94.00 152.00
94.00 151.50
93.50 151.00
93.50 150.50
93.50 150.00
93.00 149.50
93.00 149.00
93.00 148.50
92.50 148.00
92.50 147.50
92.50 147.00
92.50 146.50
92.00 146.00
92.00 145.50
92.00 145.00
91.50 144.50
91.50 144.00
91.50 143.50
91.00 143.00
91.00 142.50
91.00 142.00
91.00 141.50
90.50 141.00
90.50 140.50
90.50 140.00
90.50 139.50
90.50 139.00
90.00 138.50
90.00 138.00
90.00 137.50
90.00 137.00
90.00 136.50
90.00 136.00
90.00 135.50
90.00 135.00
90.00 134.50
89.50 134.00
89.50 133.50
89.50 133.00
89.50 132.50
89.50 132.00
89.50 131.50
89.50 131.00
89.50 130.50
89.50 130.00
90.00 129.50
90.00 129.00
90.00 128.50
90.00 128.00
90.00 127.50
90.00 127.00
90.00 126.50
90.00 126.00
90.00 125.50
90.50 125.00
90.50 124.50
90.50 124.00
90.50 123.50
91.00 123.00
91.00 122.50
91.00 122.00
91.00 121.50
91.50 121.00
91.50 120.50
91.50 120.00
92.00 119.50
92.00 119.00
92.50 118.50
92.50 118.00
93.00 117.50
93.00 117.00
93.00 116.50
93.50 116.00
93.50 115.50
94.00 115.00
94.50 114.50
94.50 114.00
95.00 113.50
95.00 113.00
95.50 112.50
95.50 112.00
96.00 111.50
96.50 111.00
96.50 110.50
97.00 110.00
97.50 109.50
97.50 109.00
98.00 108.50
98.00 108.00
98.50 107.50
99.00 107.00
99.00 106.50
99.50 106.00
100.00 105.50
100.00 105.00
100.50 104.50
101.00 104.00
101.00 103.50
101.50 103.00
102.00 102.50
102.00 102.00
102.50 101.50
102.50 101.00
103.00 100.50
103.50 100.00
104.00 99.50
104.00 99.00
104.50 98.50
105.00 98.00
105.50 97.50
105.50 97.00
106.00 96.50
106.50 96.00
107.00 95.50
107.50 95.00
107.50 94.50
108.00 94.00
108.50 93.50
109.00 93.00
109.50 92.50
110.00 92.00
110.50 91.50
111.00 91.50
111.50 91.00
112.00 90.50
112.50 90.50
113.00 90.00
113.50 90.00
114.00 89.50
114.50 89.50
115.00 89.00
115.50 89.00
116.00 89.00
116.50 88.50
117.00 88.50
117.50 88.50
118.00 88.00
118.50 88.00
119.00 88.00
119.50 88.00
120.00 88.00
120.50 88.00
121.00 87.50
121.50 87.50
122.00 87.50
122.50 87.50
