156.00 144.00
156.00 144.50
155.50 145.00
155.00 145.50
155.00 146.00
154.50 146.50
154.00 147.00
153.50 147.50
153.00 148.00
152.50 148.50
152.00 149.00
151.50 149.50
151.00 149.50
150.50 150.00
150.00 150.50
149.50 150.50
149.00 151.00
148.50 151.50
148.00 151.50
147.50 151.50
147.00 152.00
146.50 152.00
146.00 152.50
145.50 152.50
145.00 152.50
144.50 153.00
144.00 153.00
143.50 153.00
143.00 153.50
142.50 153.50
142.00 153.50
141.50 153.50
141.00 154.00
140.50 154.00
140.00 154.00
139.50 154.00
139.00 154.00
138.50 154.00
138.00 154.50
137.50 154.50
137.00 154.50
136.50 154.50
136.00 154.50
135.50 154.50
135.00 154.50
134.50 154.50
134.00 154.50
133.50 154.50
133.00 154.50
132.50 154.50
132.00 154.50
131.50 154.00
131.00 154.00
130.50 154.00
130.00 154.00
129.50 154.00
129.00 154.00
128.50 153.50
128.00 153.50
127.50 153.50
127.00 153.00
126.50 153.00
126.00 152.50
125.50 152.50
125.00 152.50
124.50 152.00
124.00 152.00
123.50 152.00
123.00 151.50
122.50 151.00
122.00 151.00
121.50 150.50
121.00 150.00
120.50 149.50
120.00 149.00
119.50 149.00
119.00 148.50
118.50 148.00
118.00 147.50
117.50 147.00
117.00 146.50
116.50 146.00
116.00 145.50
116.00 145.00
115.50 144.50
115.00 144.00
114.50 143.50
114.50 143.00
114.00 142.50
113.50 142.00
113.50 141.50
113.00 141.00
113.00 140.50
113.00 140.00
112.50 139.50
112.50 139.00
112.50 138.50
112.00 138.00
112.00 137.50
112.00 137.00
111.50 136.50
111.50 136.00
111.50 135.50
111.50 135.00
111.50 134.50
111.00 134.00
111.00 133.50
111.00 133.00
111.00 132.50
111.00 132.00
111.00 131.50
111.00 131.00
111.00 130.50
111.00 130.00
111.00 129.50
111.00 129.00
111.00 128.50
111.00 128.00
111.50 127.50
111.50 127.00
111.50 126.50
111.50 126.00
111.50 125.50
112.00 125.00
112.00 124.50
112.00 124.00
112.00 123.50
112.50 123.00
112.50 122.50
113.00 122.00
113.00 121.50
113.00 121.00
113.50 120.50
113.50 120.00
114.00 119.50
114.50 119.00
114.50 118.50
115.00 118.00
115.00 117.50
115.50 117.00
116.00 116.50
116.00 116.00
116.50 115.50
117.00 115.00
117.50 114.50
118.00 114.00
118.50 113.50
119.00 113.00
119.50 112.50
120.00 112.00
120.00 111.50
120.50 111.00
121.00 111.00
121.50 110.50
122.00 110.00
122.50 110.00
123.00 109.50
123.50 109.00
124.00 109.00
124.50 108.50
125.00 108.50
125.50 108.00
126.00 107.50
126.50 107.50
127.00 107.00
127.50 107.00
128.00 107.00
128.50 106.50
129.00 106.50
129.50 106.00
130.00 106.00
130.50 106.00
131.00 105.50
131.50 105.50
132.00 105.50
132.50 105.50
133.00 105.00
133.50 105.00
134.00 105.00
134.50 105.00
135.00 105.00
135.50 105.00
136.00 105.00
136.50 105.00
137.00 105.00
137.50 105.00
138.00 105.00
138.50 105.00
139.00 105.00
139.50 105.00
140.00 105.00
140.50 105.50
141.00 105.50
141.50 105.50
142.00 106.00
142.50 106.00
143.00 106.00
143.50 106.50
144.00 106.50
144.50 106.50
145.00 107.00
145.50 107.00
146.00 107.50
146.50 107.50
147.00 108.00
147.50 108.50
148.00 108.50
148.50 109.00
149.00 109.00
149.50 109.50
150.00 110.00
150.50 110.00
151.00 110.50
151.50 111.00
152.00 111.50
152.50 112.00
153.00 112.50
153.50 112.50
154.00 113.00
154.50 113.50
155.00 114.00
155.00 114.50
155.50 115.00
156.00 115.50
156.00 116.00
156.50 116.50
156.50 117.00
157.00 117.50
157.00 118.00
157.50 118.50
157.50 119.00
157.50 119.50
158.00 120.00
158.00 120.50
158.00 121.00
158.00 121.50
158.00 122.00
158.00 122.50
158.00 123.00
158.50 123.50
158.50 124.00
158.50 124.50
159.00 125.00
159.00 125.50
159.00 126.00
159.00 126.50
159.00 127.00
159.50 127.50
159.50 128.00
159.50 128.50
159.50 129.00
159.50 129.50
159.50 130.00
159.50 130.50
159.50 131.00
159.50 131.50
159.50 132.00
159.50 132.50
159.50 133.00
159.50 133.50
159.50 134.00
159.50 134.50
159.50 135.00
159.00 135.50
159.00 136.00
159.00 136.50
159.00 137.00
158.50 137.50
158.50 138.00
158.00 138.50
158.00 139.00
158.00 139.50
157.50 140.00
157.50 140.50
157.50 141.00
157.50 141.50
157.00 142.00
157.00 142.50
156.50 143.00
156.50 143.50
156.00 144.00
