131.00 79.00
131.50 79.00
132.00 79.00
132.50 79.00
133.00 79.00
133.50 79.00
134.00 79.00
134.50 79.00
135.00 79.00
135.50 79.00
136.00 79.00
136.50 79.00
137.00 79.00
137.50 79.50
138.00 79.50
138.50 79.50
139.00 80.00
139.50 80.00
140.00 80.00
140.50 80.50
141.00 80.50
141.50 80.50
142.00 81.00
142.50 81.00
143.00 81.50
143.50 81.50
144.00 82.00
144.50 82.00
145.00 82.00
145.50 82.50
146.00 83.00
146.50 83.00
147.00 83.50
147.50 83.50
148.00 84.00
148.50 84.00
149.00 84.50
149.50 85.00
150.00 85.00
150.50 85.50
151.00 86.00
151.50 86.50
152.00 87.00
152.50 87.50
153.00 88.00
153.50 88.00
154.00 88.50
154.50 89.00
155.00 89.50
155.50 90.00
155.50 90.50
156.00 91.00
156.50 91.50
157.00 92.00
157.00 92.50
157.50 93.00
158.00 93.50
158.50 94.00
159.00 94.50
159.00 95.00
159.50 95.50
160.00 96.00
160.00 96.50
160.50 97.00
160.50 97.50
161.00 98.00
161.50 98.50
161.50 99.00
162.00 99.50
162.00 100.00
162.50 100.50
162.50 101.00
163.00 101.50
163.00 102.00
163.50 102.50
163.50 103.00
164.00 103.50
164.00 104.00
164.00 104.50
164.50 105.00
164.50 105.50
165.00 106.00
165.00 106.50
165.00 107.00
165.00 107.50
165.50 108.00
165.50 108.50
165.50 109.00
165.50 109.50
166.00 110.00
166.00 110.50
166.00 111.00
166.00 111.50
166.00 112.00
166.00 112.50
166.00 113.00
166.50 113.50
166.50 114.00
166.50 114.50
166.50 115.00
166.50 115.50
166.50 116.00
166.00 116.50
166.00 117.00
166.00 117.50
166.00 118.00
166.00 118.50
166.00 119.00
166.00 119.50
166.00 120.00
165.50 120.50
165.50 121.00
165.50 121.50
165.50 122.00
165.50 122.50
165.50 123.00
165.00 123.50
165.00 124.00
165.00 124.50
164.50 125.00
164.50 125.50
164.50 126.00
164.00 126.50
164.00 127.00
163.50 127.50
163.50 128.00
163.50 128.50
163.00 129.00
163.00 129.50
162.50 130.00
162.50 130.50
162.00 131.00
162.00 131.50
161.50 132.00
161.00 132.50
161.00 133.00
160.50 133.50
160.00 134.00
159.50 134.50
159.50 135.00
159.00 135.50
158.50 136.00
158.00 136.50
157.50 137.00
157.50 137.50
157.00 138.00
156.50 138.00
156.00 138.50
155.50 139.00
155.00 139.50
154.50 140.00
154.00 140.00
153.50 140.50
153.00 141.00
152.50 141.00
152.00 141.50
151.50 141.50
151.00 142.00
150.50 142.00
150.00 142.50
149.50 142.50
149.00 143.00
148.50 143.00
148.00 143.00
147.50 143.50
147.00 143.50
146.50 144.00
146.00 144.00
145.50 144.00
145.00 144.50
144.50 144.50
144.00 144.50
143.50 145.00
143.00 145.00
142.50 145.00
142.00 145.00
141.50 145.00
141.00 145.50
140.50 145.50
140.00 145.50
139.50 145.50
139.00 145.50
138.50 146.00
138.00 146.00
137.50 146.00
137.00 146.00
136.50 146.00
136.00 146.00
135.50 146.00
135.00 146.00
134.50 146.00
134.00 146.00
133.50 146.00
133.00 146.50
132.50 146.50
132.00 146.50
131.50 146.50
131.00 146.50
130.50 146.50
130.00 146.50
129.50 146.50
129.00 146.00
128.50 146.00
128.00 146.00
127.50 146.00
127.00 146.00
126.50 146.00
126.00 146.00
125.50 146.00
125.00 146.00
124.50 146.00
124.00 146.00
123.50 145.50
123.00 145.50
122.50 145.50
122.00 145.50
121.50 145.50
121.00 145.50
120.50 145.00
120.00 145.00
119.50 145.00
119.00 145.00
118.50 145.00
118.00 144.50
117.50 144.50
117.00 144.50
116.50 144.00
116.00 144.00
115.50 143.50
115.00 143.50
114.50 143.50
114.00 143.00
113.50 142.50
113.00 142.50
112.50 142.00
112.00 141.50
111.50 141.50
111.00 141.00
110.50 140.50
110.50 140.00
110.00 139.50
109.50 139.00
109.00 138.50
108.50 138.00
108.50 137.50
108.00 137.00
107.50 136.50
107.50 136.00
107.00 135.50
107.00 135.00
106.50 134.50
106.00 134.00
106.00 133.50
105.50 133.00
105.50 132.50
105.50 132.00
105.00 131.50
105.00 131.00
104.50 130.50
104.50 130.00
104.50 129.50
104.00 129.00
104.00 128.50
104.00 128.00
103.50 127.50
103.50 127.00
103.50 126.50
103.50 126.00
103.00 125.50
103.00 125.00
103.00 124.50
102.50 124.00
102.50 123.50
102.50 123.00
102.50 122.50
102.00 122.00
102.00 121.50
102.00 121.00
102.00 120.50
102.00 120.00
102.00 119.50
101.50 119.00
101.50 118.50
101.50 118.00
101.50 117.50
101.50 117.00
101.50 116.50
101.50 116.00
101.00 115.50
101.00 115.00
101.00 114.50
101.00 114.00
101.00 113.50
101.00 113.00
101.00 112.50
101.00 112.00
101.00 111.50
101.00 111.00
101.00 110.50
101.00 110.00
101.50 109.50
101.50 109.00
101.50 108.50
101.50 108.00
101.50 107.50
101.50 107.00
101.50 106.50
102.00 106.00
102.00 105.50
102.00 105.00
102.00 104.50
102.00 104.00
102.50 103.50
102.50 103.00
102.50 102.50
102.50 102.00
103.00 101.50
103.00 101.00
103.00 100.50
103.50 100.00
103.50 99.50
104.00 99.00
104.00 98.50
104.50 98.00
104.50 97.50
105.00 97.00
105.00 96.50
105.00 96.00
105.50 95.50
106.00 95.00
106.50 94.50
106.50 94.00
107.00 93.50
107.50 93.00
107.50 92.50
108.00 92.00
108.50 91.50
109.00 91.50
109.50 91.00
110.00 90.50
110.50 90.50
111.00 90.00
111.50 90.00
112.00 89.50
111.50 89.00
112.00 88.50
112.50 88.00
113.00 87.50
113.50 87.00
114.00 86.50
114.50 86.50
115.00 86.00
115.50 85.50
116.00 85.00
116.50 85.00
117.00 84.50
117.50 84.00
118.00 83.50
118.50 83.50
119.00 83.00
119.50 82.50
120.00 82.50
120.50 82.00
121.00 82.00
121.50 81.50
122.00 81.50
122.50 81.00
123.00 81.00
123.50 81.00
124.00 80.50
124.50 80.50
125.00 80.50
125.50 80.00
126.00 80.00
126.50 80.00
127.00 80.00
127.50 80.00
128.00 80.00
128.50 80.00
129.00 79.50
129.50 79.50
130.00 79.50
130.50 79.50
