152.00 98.00
152.50 98.00
153.00 98.00
153.50 97.50
154.00 97.50
154.50 97.50
155.00 97.50
155.50 97.50
156.00 97.50
156.50 97.50
157.00 97.50
157.50 97.50
158.00 97.00
158.50 97.00
159.00 97.00
159.50 97.50
160.00 97.50
160.50 97.50
161.00 97.50
161.50 97.50
162.00 97.50
162.50 97.50
163.00 97.50
163.50 98.00
164.00 98.00
164.50 98.00
165.00 98.50
165.50 98.50
166.00 99.00
166.50 99.00
167.00 99.50
167.50 99.50
168.00 100.00
168.50 100.50
169.00 101.00
169.50 101.00
170.00 101.00
170.50 101.50
171.00 102.00
171.50 102.50
171.50 103.00
172.00 103.50
172.50 104.00
173.00 104.50
173.50 105.00
174.00 105.50
174.50 106.00
174.50 106.50
175.00 107.00
175.50 107.50
175.50 108.00
176.00 108.50
176.50 109.00
176.50 109.50
177.00 110.00
177.00 110.50
177.50 111.00
177.50 111.50
178.00 112.00
178.00 112.50
178.00 113.00
178.50 113.50
178.50 114.00
179.00 114.50
179.00 115.00
179.00 115.50
179.50 116.00
179.50 116.50
179.50 117.00
179.50 117.50
180.00 118.00
180.00 118.50
180.00 119.00
180.00 119.50
180.00 120.00
180.50 120.50
180.50 121.00
180.50 121.50
180.50 122.00
180.50 122.50
180.50 123.00
180.50 123.50
180.50 124.00
180.50 124.50
180.50 125.00
180.50 125.50
180.50 126.00
180.50 126.50
180.50 127.00
180.50 127.50
180.50 128.00
180.00 128.50
180.00 129.00
180.00 129.50
180.00 130.00
180.00 130.50
180.00 131.00
179.50 131.50
179.50 132.00
179.50 132.50
179.50 133.00
179.00 133.50
179.00 134.00
179.00 134.50
178.50 135.00
178.50 135.50
178.50 136.00
178.00 136.50
178.00 137.00
177.50 137.50
177.00 138.00
177.00 138.50
177.00 139.00
176.50 139.50
176.50 140.00
176.00 140.50
175.50 141.00
175.50 141.50
175.00 142.00
174.50 142.50
174.00 143.00
174.00 143.50
173.50 144.00
173.00 144.00
172.50 144.50
172.50 145.00
172.00 145.50
171.50 145.50
171.00 146.00
170.50 146.50
170.00 147.00
169.50 147.50
169.00 148.00
168.50 148.00
168.00 148.50
167.50 149.00
167.00 149.50
166.50 149.50
166.00 150.00
165.50 150.50
165.00 150.50
164.50 151.00
164.00 151.00
163.50 151.50
163.00 151.50
162.50 152.00
162.00 152.00
161.50 152.50
161.00 152.50
160.50 153.00
160.00 153.00
159.50 153.50
159.00 154.00
158.50 154.00
158.00 154.00
157.50 154.50
157.00 154.50
156.50 155.00
156.00 155.00
155.50 155.50
155.00 155.50
154.50 155.50
154.00 155.50
153.50 156.00
153.00 156.00
152.50 156.50
152.00 156.50
151.50 156.50
151.00 156.50
150.50 156.50
150.00 156.50
149.50 157.00
149.00 157.00
148.50 157.00
148.00 157.00
147.50 157.00
147.00 157.00
146.50 157.00
146.00 157.00
145.50 157.00
145.00 157.00
144.50 157.00
144.00 157.00
143.50 156.50
143.00 156.50
142.50 156.50
142.00 156.50
141.50 156.00
141.00 156.00
140.50 156.00
140.00 155.50
139.50 155.50
139.00 155.50
138.50 155.00
138.00 155.00
137.50 154.50
137.00 154.50
136.50 154.00
136.00 153.50
135.50 153.00
135.00 153.00
134.50 152.50
134.00 152.00
133.50 151.50
133.00 151.00
132.50 150.50
132.00 150.00
132.00 149.50
131.50 149.00
131.00 148.50
131.00 148.00
130.50 147.50
130.50 147.00
130.00 146.50
130.00 146.00
129.50 145.50
129.50 145.00
129.00 144.50
129.00 144.00
129.00 143.50
128.50 143.00
128.50 142.50
128.50 142.00
128.00 141.50
128.00 141.00
128.00 140.50
127.50 140.00
127.50 139.50
127.50 139.00
127.50 138.50
127.50 138.00
127.00 137.50
127.00 137.00
127.00 136.50
127.00 136.00
127.00 135.50
127.00 135.00
126.50 134.50
126.50 134.00
126.50 133.50
126.50 133.00
126.50 132.50
126.50 132.00
126.50 131.50
126.00 131.00
126.00 130.50
126.00 130.00
126.00 129.50
126.00 129.00
126.00 128.50
126.00 128.00
126.00 127.50
126.00 127.00
126.00 126.50
126.00 126.00
126.00 125.50
126.00 125.00
126.00 124.50
126.00 124.00
126.50 123.50
126.50 123.00
126.50 122.50
126.50 122.00
126.50 121.50
126.50 121.00
126.50 120.50
127.00 120.00
127.00 119.50
127.00 119.00
127.00 118.50
127.50 118.00
127.50 117.50
127.50 117.00
128.00 116.50
128.00 116.00
128.00 115.50
128.50 115.00
128.50 114.50
129.00 114.00
129.00 113.50
129.50 113.00
129.50 112.50
130.00 112.00
130.50 111.50
131.00 111.00
131.00 110.50
131.50 110.00
132.00 109.50
132.00 109.00
132.50 108.50
133.00 108.50
133.50 108.00
133.50 107.50
134.00 107.00
134.50 107.00
135.00 106.50
135.00 106.00
135.50 105.50
136.00 105.50
136.50 105.00
137.00 104.50
137.50 104.50
138.00 104.00
138.50 103.50
139.00 103.00
139.50 103.00
140.00 102.50
140.50 102.00
141.00 102.00
141.50 101.50
142.00 101.50
142.50 101.00
143.00 101.00
143.50 100.50
144.00 100.50
144.50 100.50
145.00 100.00
145.50 100.00
146.00 99.50
146.50 99.50
147.00 99.50
147.50 99.00
148.00 99.00
148.50 99.00
149.00 99.00
149.50 98.50
150.00 98.50
150.50 98.50
151.00 98.00
151.50 98.00
