166.00 105.50
166.50 106.00
166.50 106.50
166.50 107.00
167.00 107.50
167.00 108.00
167.00 108.50
167.00 109.00
167.00 109.50
167.50 110.00
167.50 110.50
167.50 111.00
167.50 111.50
167.50 112.00
167.50 112.50
167.50 113.00
167.50 113.50
167.50 114.00
167.50 114.50
168.00 115.00
168.00 115.50
168.00 116.00
168.00 116.50
168.00 117.00
168.00 117.50
167.50 118.00
167.50 118.50
167.50 119.00
167.50 119.50
167.50 120.00
167.50 120.50
167.50 121.00
167.50 121.50
167.00 122.00
167.00 122.50
167.00 123.00
167.00 123.50
167.00 124.00
166.50 124.50
166.50 125.00
166.50 125.50
166.00 126.00
166.00 126.50
166.00 127.00
165.50 127.50
165.50 128.00
165.00 128.50
165.00 129.00
164.50 129.50
164.50 130.00
164.50 130.50
164.00 131.00
163.50 131.50
163.50 132.00
163.00 132.50
162.50 133.00
162.00 133.50
162.00 134.00
161.50 134.50
161.00 135.00
160.50 135.50
160.00 136.00
159.50 136.50
159.00 137.00
158.50 137.50
158.00 138.00
157.50 138.00
157.00 138.50
156.50 139.00
156.00 139.50
155.50 140.00
155.00 140.00
154.50 140.50
154.00 140.50
153.50 141.00
153.00 141.00
152.50 141.00
152.00 141.50
151.50 141.50
151.00 142.00
150.50 142.00
150.00 142.50
149.50 142.50
149.00 142.50
148.50 143.00
148.00 143.00
147.50 143.00
147.00 143.50
146.50 143.50
146.00 143.50
145.50 143.50
145.00 144.00
144.50 144.00
144.00 144.00
143.50 144.00
143.00 144.00
142.50 144.50
142.00 144.50
141.50 144.50
141.00 144.50
140.50 144.50
140.00 144.50
139.50 145.00
139.00 145.00
138.50 145.00
138.00 145.00
137.50 145.00
137.00 145.00
136.50 145.00
136.00 145.00
135.50 145.00
135.00 145.00
134.50 145.00
134.00 145.00
133.50 145.00
133.00 145.00
132.50 145.00
132.00 145.00
131.50 145.00
131.00 145.00
130.50 145.00
130.00 145.00
129.50 145.00
129.00 145.00
128.50 144.50
128.00 144.50
127.50 144.50
127.00 144.50
126.50 144.50
126.00 144.50
125.50 144.00
125.00 144.00
124.50 144.00
124.00 144.00
123.50 143.50
123.00 143.50
122.50 143.50
122.00 143.00
121.50 143.00
121.00 143.00
120.50 143.00
120.00 142.50
119.50 142.50
119.00 142.00
118.50 142.00
118.00 141.50
117.50 141.50
117.00 141.00
116.50 140.50
116.00 140.00
115.50 140.00
115.00 139.50
114.50 139.00
114.00 138.50
113.50 138.00
113.50 137.50
113.00 137.00
112.50 136.50
112.00 136.00
112.00 135.50
111.50 135.00
111.50 134.50
111.00 134.00
111.00 133.50
110.50 133.00
110.50 132.50
110.50 132.00
110.00 131.50
110.00 131.00
109.50 130.50
109.50 130.00
109.50 129.50
109.50 129.00
109.00 128.50
109.00 128.00
109.00 127.50
108.50 127.00
108.50 126.50
108.50 126.00
108.50 125.50
108.50 125.00
108.00 124.50
108.00 124.00
108.00 123.50
108.00 123.00
108.00 122.50
108.00 122.00
107.50 121.50
107.50 121.00
107.50 120.50
107.50 120.00
107.50 119.50
107.50 119.00
107.50 118.50
107.50 118.00
107.50 117.50
107.50 117.00
107.50 116.50
107.50 116.00
107.50 115.50
107.50 115.00
107.50 114.50
107.00 114.00
107.00 113.50
107.00 113.00
107.00 112.50
107.50 112.00
107.50 111.50
107.50 111.00
107.50 110.50
107.50 110.00
107.50 109.50
107.50 109.00
107.50 108.50
107.50 108.00
107.50 107.50
107.50 107.00
107.50 106.50
107.50 106.00
107.50 105.50
107.50 105.00
107.50 104.50
108.00 104.00
108.00 103.50
108.00 103.00
108.00 102.50
108.00 102.00
108.00 101.50
108.50 101.00
108.50 100.50
108.50 100.00
108.50 99.50
108.50 99.00
109.00 98.50
109.00 98.00
109.00 97.50
109.50 97.00
109.50 96.50
109.50 96.00
110.00 95.50
110.00 95.00
110.50 94.50
110.50 94.00
111.00 93.50
111.50 93.00
111.50 92.50
112.00 92.00
112.50 91.50
113.00 91.00
113.50 90.50
114.00 90.00
114.50 89.50
115.00 89.00
115.50 89.00
116.00 88.50
116.50 88.00
117.00 88.00
117.50 88.00
118.00 87.50
118.50 87.00
119.00 87.00
119.50 87.00
120.00 86.50
120.50 86.50
121.00 86.50
121.50 86.00
122.00 86.00
122.50 86.00
123.00 85.50
123.50 85.50
124.00 85.50
124.50 85.50
125.00 85.50
125.50 85.50
126.00 85.00
126.50 85.00
127.00 85.00
127.50 85.00
128.00 85.00
128.50 85.00
129.00 85.00
129.50 85.00
130.00 85.00
130.50 85.00
131.00 85.00
131.50 85.00
132.00 85.00
132.50 85.00
133.00 85.50
133.50 85.50
134.00 85.50
134.50 85.50
135.00 85.50
135.50 85.50
136.00 85.50
136.50 86.00
137.00 86.00
137.50 86.00
138.00 86.00
138.50 86.50
139.00 86.50
139.50 86.50
140.00 86.50
140.50 87.00
141.00 87.00
141.50 87.00
142.00 87.50
142.50 87.50
143.00 87.50
143.50 88.00
144.00 88.00
144.50 88.00
145.00 88.00
145.50 88.50
146.00 88.50
146.50 88.50
147.00 89.00
147.50 89.00
148.00 89.50
148.50 89.50
149.00 90.00
149.50 89.50
150.00 90.00
150.50 90.00
151.00 90.50
151.50 91.00
152.00 91.00
152.50 91.00
153.00 91.50
153.50 92.00
154.00 92.50
154.50 92.50
155.00 93.00
155.50 93.50
156.00 93.50
156.50 94.00
157.00 94.50
157.50 95.00
158.00 95.50
158.50 95.50
159.00 96.00
159.50 96.50
160.00 97.00
160.50 97.50
161.00 98.00
161.50 98.50
161.50 99.00
162.00 99.50
162.50 100.00
163.00 100.50
163.00 101.00
163.50 101.50
164.00 102.00
164.50 102.50
164.50 103.00
165.00 103.50
165.50 104.00
165.50 104.50
166.00 105.00
