135.50 104.50
136.00 105.00
136.50 105.00
137.00 105.50
137.50 105.50
138.00 106.00
138.50 106.50
139.00 107.00
139.50 107.00
140.00 107.50
140.50 108.00
141.00 108.50
141.50 109.00
142.00 109.50
142.50 110.00
142.50 110.50
143.00 111.00
143.50 111.50
144.00 112.00
144.00 112.50
144.50 113.00
145.00 113.50
145.00 114.00
145.50 114.50
145.50 115.00
146.00 115.50
146.00 116.00
146.50 116.50
147.00 117.00
147.00 117.50
147.50 118.00
147.50 118.50
147.50 119.00
148.00 119.50
148.00 120.00
148.00 120.50
148.50 121.00
148.50 121.50
148.50 122.00
149.00 122.50
149.00 123.00
149.00 123.50
149.50 124.00
149.50 124.50
149.50 125.00
149.50 125.50
149.50 126.00
149.50 126.50
150.00 127.00
150.00 127.50
150.00 128.00
150.00 128.50
150.00 129.00
150.00 129.50
150.00 130.00
150.00 130.50
150.00 131.00
150.00 131.50
150.00 132.00
150.00 132.50
150.00 133.00
150.00 133.50
150.00 134.00
150.00 134.50
150.00 135.00
150.00 135.50
150.00 136.00
149.50 136.50
149.50 137.00
149.50 137.50
149.50 138.00
149.00 138.50
149.00 139.00
149.00 139.50
148.50 140.00
148.50 140.50
148.50 141.00
148.00 141.50
148.00 142.00
147.50 142.50
147.50 143.00
147.00 143.50
147.00 144.00
147.00 144.50
146.50 145.00
146.00 145.50
145.50 146.00
145.00 146.50
145.00 147.00
144.50 147.50
144.00 148.00
143.50 148.50
143.00 149.00
142.50 149.50
142.00 149.50
141.50 150.00
141.00 150.50
140.50 151.00
140.00 151.00
139.50 151.50
139.00 152.00
138.50 152.00
138.00 152.50
137.50 152.50
137.00 153.00
136.50 153.00
136.00 153.50
135.50 153.50
135.00 153.50
134.50 154.00
134.00 154.00
133.50 154.50
133.00 154.50
132.50 154.50
132.00 154.50
131.50 155.00
131.00 155.00
130.50 155.00
130.00 155.00
129.50 155.00
129.00 155.50
128.50 155.50
128.00 155.50
127.50 155.50
127.00 155.50
126.50 155.50
126.00 155.50
125.50 155.50
125.00 155.50
124.50 155.50
124.00 155.50
123.50 155.50
123.00 155.50
122.50 155.50
122.00 155.50
121.50 155.50
121.00 155.00
120.50 155.00
120.00 155.00
119.50 155.00
119.00 155.00
118.50 154.50
118.00 154.50
117.50 154.50
117.00 154.00
116.50 154.00
116.00 154.00
115.50 153.50
115.00 153.50
114.50 153.00
114.00 153.00
113.50 152.50
113.00 152.00
112.50 152.00
112.00 151.50
111.50 151.00
111.00 150.50
110.50 150.00
110.00 149.50
109.50 149.00
109.00 148.50
108.50 148.00
108.50 147.50
108.00 147.00
107.50 146.50
107.50 146.00
107.00 145.50
106.50 145.00
106.50 144.50
106.00 144.00
106.00 143.50
105.50 143.00
105.50 142.50
105.50 142.00
105.00 141.50
105.00 141.00
104.50 140.50
104.50 140.00
104.50 139.50
104.00 139.00
104.00 138.50
104.00 138.00
103.50 137.50
103.50 137.00
103.50 136.50
103.50 136.00
103.00 135.50
103.00 135.00
103.00 134.50
103.00 134.00
102.50 133.50
102.50 133.00
102.50 132.50
102.50 132.00
102.50 131.50
102.00 131.00
102.00 130.50
102.00 130.00
102.00 129.50
102.00 129.00
102.00 128.50
102.00 128.00
102.00 127.50
102.00 127.00
102.00 126.50
102.00 126.00
102.00 125.50
102.00 125.00
102.00 124.50
102.00 124.00
102.50 123.50
102.50 123.00
102.50 122.50
102.50 122.00
102.50 121.50
103.00 121.00
103.00 120.50
103.00 120.00
103.50 119.50
103.50 119.00
104.00 118.50
104.00 118.00
104.00 117.50
104.50 117.00
105.00 116.50
105.00 116.00
105.50 115.50
105.50 115.00
106.00 114.50
106.00 114.00
106.50 113.50
107.00 113.00
107.50 112.50
108.00 112.00
108.00 111.50
108.50 111.00
109.00 110.50
109.50 110.00
110.00 109.50
110.50 109.00
111.00 108.50
111.50 108.00
112.00 108.00
112.50 107.50
113.00 107.00
113.50 107.00
114.00 106.50
114.50 106.00
115.00 105.50
115.50 105.50
116.00 105.50
116.50 105.00
117.00 104.50
117.50 104.50
118.00 104.50
118.50 104.00
119.00 104.00
119.50 104.00
120.00 103.50
120.50 103.50
121.00 103.50
121.50 103.00
122.00 103.00
122.50 103.00
123.00 103.00
123.50 103.00
124.00 103.00
124.50 103.00
125.00 103.00
125.50 102.50
126.00 102.50
126.50 102.50
127.00 102.50
127.50 102.50
128.00 102.50
128.50 102.50
129.00 103.00
129.50 103.00
130.00 103.00
130.50 103.00
131.00 103.00
131.50 103.00
132.00 103.50
132.50 103.50
133.00 103.50
133.50 103.50
134.00 104.00
134.50 104.00
135.00 104.50
