114.50 109.50
115.00 109.50
115.50 109.50
116.00 109.00
116.50 109.00
117.00 109.00
117.50 108.50
118.00 108.50
118.50 108.50
119.00 108.50
119.50 108.00
120.00 108.00
120.50 108.00
121.00 108.00
121.50 108.00
122.00 107.50
122.50 107.50
123.00 107.50
123.50 107.50
124.00 107.50
124.50 107.50
125.00 107.50
125.50 107.50
126.00 107.50
126.50 107.50
127.00 107.50
127.50 107.50
128.00 107.50
128.50 107.50
129.00 107.50
129.50 107.50
130.00 108.00
130.50 108.00
131.00 108.00
131.50 108.00
132.00 108.00
132.50 108.50
133.00 108.50
133.50 108.50
134.00 109.00
134.50 109.00
135.00 109.00
135.50 109.50
136.00 109.50
136.50 109.50
137.00 110.00
137.50 110.00
138.00 110.50
138.50 110.50
139.00 111.00
139.50 111.50
140.00 112.00
140.50 112.00
141.00 112.50
141.50 113.00
142.00 113.50
142.50 114.00
143.00 114.00
143.50 114.50
143.50 115.00
144.00 115.50
144.50 116.00
145.00 116.50
145.50 117.00
145.50 117.50
146.00 118.00
146.50 118.50
147.00 119.00
147.00 119.50
147.50 120.00
148.00 120.50
148.00 121.00
148.50 121.50
148.50 122.00
148.50 122.50
149.00 123.00
149.00 123.50
149.50 124.00
149.50 124.50
150.00 125.00
150.00 125.50
150.00 126.00
150.00 126.50
150.50 127.00
150.50 127.50
150.50 128.00
150.50 128.50
151.00 129.00
151.00 129.50
151.00 130.00
151.00 130.50
151.00 131.00
151.00 131.50
151.00 132.00
151.50 132.50
151.50 133.00
151.50 133.50
151.50 134.00
151.50 134.50
151.50 135.00
151.00 135.50
151.00 136.00
151.00 136.50
151.00 137.00
151.00 137.50
151.00 138.00
151.00 138.50
150.50 139.00
150.50 139.50
150.50 140.00
150.00 140.50
150.00 141.00
150.00 141.50
149.50 142.00
149.00 142.50
149.00 143.00
149.00 143.50
148.50 144.00
148.50 144.50
148.00 145.00
147.50 145.50
147.00 146.00
147.00 146.50
146.50 147.00
146.00 147.50
145.50 148.00
145.00 148.50
144.50 149.00
144.00 149.50
143.50 150.00
143.00 150.50
142.50 151.00
142.00 151.50
141.50 152.00
141.00 152.00
140.50 152.50
140.00 153.00
139.50 153.50
139.00 153.50
138.50 154.00
138.00 154.50
137.50 154.50
137.00 155.00
136.50 155.00
136.00 155.50
135.50 156.00
135.00 156.00
134.50 156.00
134.00 156.50
133.50 156.50
133.00 157.00
132.50 157.00
132.00 157.00
131.50 157.50
131.00 157.50
130.50 157.50
130.00 158.00
129.50 158.00
129.00 158.00
128.50 158.00
128.00 158.00
127.50 158.50
127.00 158.50
126.50 158.50
126.00 158.50
125.50 158.50
125.00 158.50
124.50 158.50
124.00 158.50
123.50 158.50
123.00 158.50
122.50 158.50
122.00 158.50
121.50 158.50
121.00 158.50
120.50 158.50
120.00 158.50
119.50 158.50
119.00 158.00
118.50 158.00
118.00 158.00
117.50 158.00
117.00 158.00
116.50 157.50
116.00 157.50
115.50 157.50
115.00 157.50
114.50 157.00
114.00 157.00
113.50 157.00
113.00 156.50
112.50 156.50
112.00 156.50
111.50 156.00
111.00 156.00
110.50 155.50
110.00 155.50
109.50 155.00
109.00 155.00
108.50 155.00
108.00 154.50
107.50 154.00
107.00 154.00
106.50 153.50
106.00 153.50
105.50 153.00
105.00 152.50
104.50 152.00
104.00 151.50
103.50 151.50
103.00 151.00
102.50 150.50
102.50 150.00
102.00 149.50
101.50 149.00
101.00 148.50
101.00 148.00
100.50 147.50
100.00 147.00
100.00 146.50
99.50 146.00
99.50 145.50
99.50 145.00
99.00 144.50
99.00 144.00
99.00 143.50
98.50 143.00
98.50 142.50
98.50 142.00
98.50 141.50
98.00 141.00
98.00 140.50
98.00 140.00
98.00 139.50
98.00 139.00
98.00 138.50
98.00 138.00
98.00 137.50
98.00 137.00
98.00 136.50
98.00 136.00
98.00 135.50
98.00 135.00
98.00 134.50
98.00 134.00
98.00 133.50
98.00 133.00
98.00 132.50
98.00 132.00
98.00 131.50
98.50 131.00
98.50 130.50
98.50 130.00
98.50 129.50
98.50 129.00
99.00 128.50
99.00 128.00
99.00 127.50
99.50 127.00
99.50 126.50
99.50 126.00
100.00 125.50
100.00 125.00
100.00 124.50
100.50 124.00
101.00 123.50
101.00 123.00
101.50 122.50
101.50 122.00
102.00 121.50
102.00 121.00
102.50 120.50
103.00 120.00
103.00 119.50
103.50 119.00
104.00 118.50
104.50 118.00
104.50 117.50
105.00 117.00
105.50 116.50
106.00 116.00
106.50 115.50
107.00 115.00
107.50 114.50
108.00 114.00
108.50 113.50
109.00 113.00
109.50 112.50
110.00 112.00
110.50 112.00
111.00 111.50
111.50 111.50
112.00 111.00
112.50 111.00
113.00 110.50
113.50 110.00
114.00 110.00
