158.50 139.50
158.50 140.00
158.00 140.50
157.50 141.00
157.00 141.50
157.00 142.00
156.50 142.50
156.00 143.00
156.00 143.50
155.50 144.00
155.00 144.50
155.00 145.00
154.50 145.50
154.00 146.00
153.50 146.50
153.00 147.00
153.00 147.50
152.50 148.00
152.00 148.50
151.50 148.50
151.00 149.00
151.00 149.50
150.50 150.00
150.00 150.00
149.50 150.50
149.00 151.00
148.50 151.00
148.00 151.50
147.50 151.50
147.00 152.00
146.50 152.00
146.00 152.50
145.50 152.50
145.00 153.00
144.50 153.00
144.00 153.00
143.50 153.50
143.00 153.50
142.50 153.50
142.00 154.00
141.50 154.00
141.00 154.00
140.50 154.00
140.00 154.50
139.50 154.50
139.00 154.50
138.50 154.50
138.00 155.00
137.50 155.00
137.00 155.00
136.50 155.00
136.00 155.00
135.50 155.50
135.00 155.50
134.50 155.50
134.00 155.50
133.50 155.50
133.00 155.50
132.50 155.50
132.00 155.50
131.50 155.50
131.00 155.50
130.50 156.00
130.00 156.00
129.50 156.00
129.00 156.00
128.50 156.00
128.00 156.00
127.50 155.50
127.00 155.50
126.50 155.50
126.00 155.50
125.50 155.50
125.00 155.50
124.50 155.50
124.00 155.00
123.50 155.00
123.00 155.00
122.50 155.00
122.00 154.50
121.50 154.50
121.00 154.50
120.50 154.00
120.00 154.00
119.50 153.50
119.00 153.50
118.50 153.50
118.00 153.00
117.50 153.00
117.00 152.50
116.50 152.00
116.00 152.00
115.50 151.50
115.00 151.50
114.50 151.00
114.00 151.00
113.50 150.50
113.00 150.00
112.50 150.00
112.00 149.50
111.50 149.50
111.00 149.00
110.50 148.50
110.00 148.50
109.50 148.00
109.00 147.50
108.50 147.00
108.00 146.50
107.50 146.00
107.50 145.50
107.50 145.00
107.00 144.50
107.00 144.00
107.00 143.50
107.00 143.00
106.50 142.50
106.50 142.00
106.50 141.50
106.50 141.00
106.50 140.50
106.50 140.00
106.50 139.50
106.50 139.00
106.50 138.50
106.50 138.00
106.50 137.50
106.50 137.00
106.50 136.50
106.00 136.00
106.00 135.50
106.00 135.00
106.00 134.50
106.00 134.00
106.00 133.50
106.00 133.00
105.50 132.50
105.50 132.00
105.50 131.50
105.50 131.00
105.50 130.50
105.50 130.00
105.50 129.50
105.50 129.00
105.50 128.50
105.50 128.00
105.50 127.50
105.50 127.00
106.00 126.50
106.00 126.00
106.00 125.50
106.00 125.00
106.00 124.50
106.50 124.00
106.50 123.50
106.50 123.00
106.50 122.50
107.00 122.00
107.00 121.50
107.00 121.00
107.00 120.50
107.50 120.00
107.50 119.50
107.50 119.00
107.50 118.50
108.00 118.00
108.00 117.50
108.00 117.00
108.00 116.50
108.50 116.00
108.50 115.50
108.50 115.00
109.00 114.50
109.00 114.00
109.50 113.50
109.50 113.00
109.50 112.50
110.00 112.00
110.00 111.50
110.50 111.00
111.00 110.50
111.00 110.00
111.50 109.50
112.00 109.00
112.50 108.50
113.00 108.00
113.50 107.50
114.00 107.00
114.50 106.50
115.00 106.00
115.50 106.00
116.00 105.50
116.50 105.00
117.00 104.50
117.50 104.50
118.00 104.00
118.50 103.50
119.00 103.50
119.50 103.00
120.00 103.00
120.50 102.50
121.00 102.50
121.50 102.00
122.00 102.00
122.50 101.50
123.00 101.50
123.50 101.00
124.00 101.00
124.50 100.50
125.00 100.50
125.50 100.00
126.00 100.00
126.50 99.50
127.00 99.50
127.50 99.50
128.00 99.00
128.50 99.00
129.00 99.00
129.50 98.50
130.00 98.50
130.50 98.00
131.00 98.00
131.50 98.00
132.00 98.00
132.50 98.00
133.00 97.50
133.50 97.50
134.00 97.50
134.50 97.50
135.00 97.50
135.50 97.50
136.00 97.50
136.50 97.50
137.00 97.50
137.50 97.50
138.00 97.50
138.50 97.50
139.00 97.50
139.50 97.50
140.00 97.50
140.50 98.00
141.00 98.00
141.50 98.00
142.00 98.00
142.50 98.00
143.00 98.00
143.50 98.00
144.00 98.00
144.50 98.00
145.00 98.50
145.50 98.50
146.00 98.50
146.50 98.50
147.00 98.50
147.50 99.00
148.00 99.00
148.50 99.00
149.00 99.50
149.50 99.50
150.00 100.00
150.50 100.50
151.00 101.00
151.50 101.50
152.00 102.00
152.50 102.50
152.50 103.00
153.00 103.50
153.00 104.00
153.50 104.50
153.50 105.00
154.00 105.50
154.00 106.00
154.50 106.50
154.50 107.00
154.50 107.50
155.00 108.00
155.00 108.50
155.50 109.00
155.50 109.50
156.00 110.00
156.00 110.50
156.50 111.00
156.50 111.50
157.00 112.00
157.00 112.50
157.50 113.00
157.50 113.50
158.00 114.00
158.50 114.50
158.50 115.00
158.50 115.50
159.00 116.00
159.50 116.50
159.50 117.00
159.50 117.50
160.00 118.00
160.00 118.50
160.50 119.00
160.50 119.50
160.50 120.00
161.00 120.50
161.00 121.00
161.00 121.50
161.50 122.00
162.00 122.50
162.00 123.00
162.00 123.50
162.00 124.00
161.50 124.50
161.50 125.00
161.50 125.50
161.50 126.00
161.50 126.50
161.50 127.00
161.50 127.50
161.50 128.00
161.00 128.50
161.00 129.00
161.00 129.50
161.00 130.00
161.00 130.50
161.00 131.00
160.50 131.50
160.50 132.00
160.50 132.50
160.50 133.00
160.50 133.50
160.00 134.00
160.00 134.50
160.00 135.00
160.00 135.50
159.50 136.00
159.50 136.50
159.50 137.00
159.50 137.50
159.50 138.00
159.00 138.50
159.00 139.00
