103.50 130.50
103.50 130.00
103.50 129.50
103.50 129.00
103.50 128.50
103.50 128.00
103.50 127.50
103.50 127.00
103.50 126.50
103.50 126.00
103.50 125.50
103.50 125.00
103.50 124.50
103.50 124.00
103.50 123.50
103.50 123.00
103.50 122.50
103.50 122.00
104.00 121.50
104.00 121.00
104.00 120.50
104.00 120.00
104.00 119.50
104.00 119.00
104.50 118.50
104.50 118.00
104.50 117.50
104.50 117.00
105.00 116.50
105.00 116.00
105.00 115.50
105.50 115.00
105.50 114.50
105.50 114.00
106.00 113.50
106.00 113.00
106.50 112.50
106.50 112.00
107.00 111.50
107.00 111.00
107.00 110.50
107.50 110.00
108.00 109.50
108.50 109.00
108.50 108.50
109.00 108.00
109.50 107.50
109.50 107.00
110.00 106.50
110.50 106.00
111.00 105.50
111.50 105.00
112.00 104.50
112.50 104.50
113.00 104.00
113.50 103.50
114.00 103.50
114.50 103.00
115.00 103.00
115.50 102.50
116.00 102.50
116.50 102.50
117.00 102.00
117.50 102.00
118.00 102.00
118.50 101.50
119.00 101.50
119.50 101.50
120.00 101.50
120.50 101.50
121.00 101.00
121.50 101.00
122.00 101.00
122.50 101.00
123.00 101.00
123.50 101.00
124.00 101.00
124.50 101.00
125.00 101.00
125.50 101.00
126.00 101.00
126.50 101.00
127.00 101.00
127.50 101.00
128.00 101.00
128.50 101.00
129.00 101.00
129.50 101.00
130.00 101.00
130.50 101.00
131.00 101.00
131.50 101.00
132.00 101.00
132.50 101.00
133.00 101.50
133.50 101.50
134.00 101.50
134.50 101.50
135.00 101.50
135.50 101.50
136.00 101.50
136.50 102.00
137.00 102.00
137.50 102.00
138.00 102.00
138.50 102.50
139.00 102.50
139.50 102.50
140.00 102.50
140.50 103.00
141.00 103.00
141.50 103.00
142.00 103.00
142.50 103.50
143.00 103.50
143.50 104.00
144.00 104.00
144.50 104.00
145.00 104.50
145.50 105.00
146.00 105.00
146.50 105.00
147.00 105.50
147.50 106.00
148.00 106.00
148.50 106.50
149.00 106.50
149.50 107.00
150.00 107.50
150.50 108.00
151.00 108.00
151.50 108.50
152.00 109.00
152.50 109.00
153.00 109.50
153.50 110.00
154.00 110.50
154.50 111.00
155.00 111.50
155.50 112.00
156.00 112.50
156.50 113.00
157.00 113.50
157.50 114.00
158.00 114.50
158.50 115.00
159.00 115.50
159.50 116.00
159.50 116.50
160.00 117.00
160.00 117.50
160.50 118.00
160.50 118.50
161.00 119.00
161.00 119.50
161.50 120.00
161.50 120.50
161.50 121.00
162.00 121.50
162.00 122.00
162.00 122.50
162.00 123.00
162.00 123.50
162.50 124.00
162.50 124.50
162.50 125.00
162.50 125.50
162.50 126.00
162.50 126.50
162.50 127.00
162.50 127.50
162.50 128.00
162.50 128.50
162.50 129.00
162.50 129.50
162.50 130.00
162.50 130.50
162.50 131.00
162.50 131.50
162.50 132.00
162.00 132.50
162.00 133.00
162.00 133.50
162.00 134.00
162.00 134.50
162.00 135.00
161.50 135.50
161.50 136.00
161.50 136.50
161.50 137.00
161.00 137.50
161.00 138.00
161.00 138.50
160.50 139.00
160.50 139.50
160.00 140.00
160.00 140.50
159.50 141.00
159.50 141.50
159.00 142.00
158.50 142.50
158.50 143.00
158.00 143.50
158.00 144.00
157.50 144.50
157.00 145.00
157.00 145.50
156.50 146.00
156.50 146.50
156.00 147.00
155.50 147.50
155.50 148.00
155.00 148.50
155.00 149.00
154.50 149.50
154.00 150.00
153.50 150.50
153.50 151.00
153.00 151.50
152.50 152.00
152.00 152.50
151.50 153.00
151.00 153.50
150.50 154.00
150.00 154.50
149.50 154.50
149.00 155.00
148.50 155.50
148.00 155.50
147.50 156.00
147.00 156.00
146.50 156.00
146.00 156.50
145.50 156.50
145.00 157.00
144.50 157.00
144.00 157.00
143.50 157.50
143.00 157.50
142.50 157.50
142.00 158.00
141.50 158.00
141.00 158.00
140.50 158.50
140.00 158.50
139.50 158.50
139.00 158.50
138.50 159.00
138.00 159.00
137.50 159.00
137.00 159.00
136.50 159.50
136.00 159.50
135.50 159.50
135.00 159.50
134.50 159.50
134.00 160.00
133.50 160.00
133.00 160.00
132.50 160.00
132.00 160.00
131.50 160.00
131.00 160.00
130.50 160.00
130.00 160.00
129.50 160.00
129.00 160.00
128.50 160.00
128.00 160.00
127.50 160.00
127.00 160.00
126.50 159.50
126.00 159.50
125.50 159.50
125.00 159.50
124.50 159.50
124.00 159.50
123.50 159.00
123.00 159.00
122.50 159.00
122.00 159.00
121.50 158.50
121.00 158.50
120.50 158.50
120.00 158.50
119.50 158.00
119.00 158.00
118.50 158.00
118.00 158.00
117.50 157.50
117.00 157.50
116.50 157.50
116.00 157.00
115.50 157.00
115.00 157.00
114.50 156.50
114.00 156.00
113.50 156.00
113.00 155.50
112.50 155.00
112.00 154.50
111.50 154.00
111.00 153.50
110.50 153.00
110.00 152.50
109.50 152.00
109.50 151.50
109.00 151.00
108.50 150.50
108.50 150.00
108.50 149.50
108.00 149.00
108.00 148.50
107.50 148.00
107.50 147.50
107.50 147.00
107.50 146.50
107.00 146.00
107.00 145.50
107.00 145.00
107.00 144.50
106.50 144.00
106.50 143.50
106.50 143.00
106.50 142.50
106.50 142.00
106.00 141.50
106.00 141.00
106.00 140.50
106.00 140.00
105.50 139.50
105.50 139.00
105.50 138.50
105.00 138.00
105.00 137.50
105.00 137.00
105.00 136.50
104.50 136.00
104.50 135.50
104.50 135.00
104.00 134.50
104.00 134.00
104.00 133.50
104.00 133.00
103.50 132.50
103.50 132.00
103.50 131.50
103.50 131.00
