117.00 103.00
117.50 103.00
118.00 102.50
118.50 102.00
119.00 101.50
119.50 101.50
120.00 101.00
120.50 101.00
121.00 100.50
121.50 100.50
122.00 100.00
122.50 100.00
123.00 99.50
123.50 99.50
124.00 99.00
124.50 99.00
125.00 98.50
125.50 98.50
126.00 98.50
126.50 98.00
127.00 98.00
127.50 98.00
128.00 97.50
128.50 97.50
129.00 97.50
129.50 97.00
130.00 97.00
130.50 97.00
131.00 96.50
131.50 96.50
132.00 96.50
132.50 96.50
133.00 96.50
133.50 96.00
134.00 96.00
134.50 96.00
135.00 96.00
135.50 96.00
136.00 96.00
136.50 96.00
137.00 96.00
137.50 95.50
138.00 95.50
138.50 95.50
139.00 95.50
139.50 95.50
140.00 95.50
140.50 95.50
141.00 95.50
141.50 96.00
142.00 96.00
142.50 96.00
143.00 96.00
143.50 96.00
144.00 96.00
144.50 96.00
145.00 96.50
145.50 96.50
146.00 96.50
146.50 97.00
147.00 97.00
147.50 97.00
148.00 97.50
148.50 97.50
149.00 98.00
149.50 98.00
150.00 98.50
150.50 99.00
151.00 99.00
151.50 99.50
152.00 100.00
152.50 100.00
153.00 100.50
153.50 101.00
154.00 101.50
154.50 102.00
155.00 102.50
155.50 103.00
156.00 103.50
156.50 104.00
156.50 104.50
157.00 105.00
157.50 105.50
157.50 106.00
158.00 106.50
158.50 107.00
158.50 107.50
159.00 108.00
159.00 108.50
159.50 109.00
159.50 109.50
160.00 110.00
160.50 110.50
160.50 111.00
160.50 111.50
161.00 112.00
161.00 112.50
161.00 113.00
161.50 113.50
161.50 114.00
161.50 114.50
162.00 115.00
162.00 115.50
162.00 116.00
162.50 116.50
162.50 117.00
162.50 117.50
162.50 118.00
162.50 118.50
163.00 119.00
163.00 119.50
163.00 120.00
163.00 120.50
163.00 121.00
163.00 121.50
163.00 122.00
163.00 122.50
163.00 123.00
163.00 123.50
163.00 124.00
163.00 124.50
163.00 125.00
163.00 125.50
163.00 126.00
163.00 126.50
163.00 127.00
163.00 127.50
163.00 128.00
163.00 128.50
163.00 129.00
163.00 129.50
162.50 130.00
162.50 130.50
162.50 131.00
162.50 131.50
162.50 132.00
162.00 132.50
162.00 133.00
162.00 133.50
162.00 134.00
161.50 134.50
161.50 135.00
161.50 135.50
161.00 136.00
161.00 136.50
161.00 137.00
160.50 137.50
160.50 138.00
160.00 138.50
160.00 139.00
159.50 139.50
159.50 140.00
159.00 140.50
159.00 141.00
158.50 141.50
158.00 142.00
158.00 142.50
157.50 143.00
157.00 143.50
156.50 144.00
156.00 144.50
156.00 145.00
155.50 145.50
155.00 146.00
154.50 146.50
154.00 147.00
153.50 147.50
153.00 148.00
152.50 148.00
152.00 148.50
151.50 149.00
151.00 149.00
150.50 149.50
150.00 149.50
149.50 150.00
149.00 150.00
148.50 150.50
148.00 150.50
147.50 150.50
147.00 151.00
146.50 151.00
146.00 151.00
145.50 151.50
145.00 151.50
144.50 151.50
144.00 151.50
143.50 152.00
143.00 152.00
142.50 152.00
142.00 152.00
141.50 152.00
141.00 152.50
140.50 152.50
140.00 152.50
139.50 152.50
139.00 152.50
138.50 152.50
138.00 153.00
137.50 153.00
137.00 153.00
136.50 153.00
136.00 153.00
135.50 153.00
135.00 153.00
134.50 153.00
134.00 153.50
133.50 153.50
133.00 153.50
132.50 153.50
132.00 153.50
131.50 153.50
131.00 153.50
130.50 153.50
130.00 153.50
129.50 153.50
129.00 153.50
128.50 153.50
128.00 153.50
127.50 153.50
127.00 153.50
126.50 153.50
126.00 153.50
125.50 153.50
125.00 153.50
124.50 153.50
124.00 153.50
123.50 153.50
123.00 153.50
122.50 153.50
122.00 153.00
121.50 153.00
121.00 153.00
120.50 153.00
120.00 153.00
119.50 152.50
119.00 152.50
118.50 152.00
118.00 152.00
117.50 152.00
117.00 151.50
116.50 151.50
116.00 151.00
115.50 150.50
115.00 150.50
114.50 150.00
114.00 150.00
113.50 149.50
113.00 149.00
112.50 148.50
112.00 148.50
111.50 148.00
111.00 147.50
110.50 147.00
110.00 146.50
109.50 146.00
109.50 145.50
109.00 145.00
108.50 144.50
108.50 144.00
108.00 143.50
108.00 143.00
107.50 142.50
107.00 142.00
107.00 141.50
106.50 141.00
106.50 140.50
106.50 140.00
106.50 139.50
106.50 139.00
106.00 138.50
106.00 138.00
106.00 137.50
106.00 137.00
106.00 136.50
106.00 136.00
106.00 135.50
106.00 135.00
106.00 134.50
106.00 134.00
106.00 133.50
106.00 133.00
106.00 132.50
106.00 132.00
106.00 131.50
106.00 131.00
106.00 130.50
106.00 130.00
106.00 129.50
106.00 129.00
106.00 128.50
106.00 128.00
106.00 127.50
106.00 127.00
106.00 126.50
106.00 126.00
106.00 125.50
106.00 125.00
106.00 124.50
106.00 124.00
106.00 123.50
106.00 123.00
106.00 122.50
106.00 122.00
106.00 121.50
106.00 121.00
106.00 120.50
106.50 120.00
106.50 119.50
106.50 119.00
106.50 118.50
106.50 118.00
106.50 117.50
106.50 117.00
107.00 116.50
107.00 116.00
107.00 115.50
107.50 115.00
107.50 114.50
107.50 114.00
108.00 113.50
108.00 113.00
108.50 112.50
108.50 112.00
109.00 111.50
109.50 111.00
109.50 110.50
110.00 110.00
110.50 109.50
110.50 109.00
111.00 108.50
111.50 108.00
112.00 107.50
112.50 107.00
113.00 106.50
113.50 106.00
114.00 105.50
114.50 105.00
115.00 104.50
115.50 104.50
116.00 104.00
116.50 103.50
