129.00 101.50
129.50 101.50
130.00 101.00
130.50 101.00
131.00 101.00
131.50 101.00
132.00 101.00
132.50 101.00
133.00 101.00
133.50 101.00
134.00 101.00
134.50 101.00
135.00 101.00
135.50 101.00
136.00 101.00
136.50 101.00
137.00 101.00
137.50 101.00
138.00 101.00
138.50 101.00
139.00 101.00
139.50 101.50
140.00 101.50
140.50 101.50
141.00 101.50
141.50 102.00
142.00 102.00
142.50 102.00
143.00 102.00
143.50 102.50
144.00 102.50
144.50 102.50
145.00 103.00
145.50 103.00
146.00 103.50
146.50 103.50
147.00 104.00
147.50 104.00
148.00 104.00
148.50 104.50
149.00 105.00
149.50 105.00
150.00 105.00
150.50 105.50
151.00 106.00
151.50 106.00
152.00 106.50
152.50 107.00
153.00 107.00
153.50 107.50
154.00 108.00
154.50 108.50
155.00 108.50
155.50 109.00
156.00 109.50
156.50 110.00
157.00 110.50
157.50 111.00
158.00 111.50
158.50 112.00
159.00 112.50
159.00 113.00
159.50 113.50
159.50 114.00
160.00 114.50
160.50 115.00
161.00 115.50
161.00 116.00
161.00 116.50
161.50 117.00
162.00 117.50
162.00 118.00
162.00 118.50
162.50 119.00
162.50 119.50
162.50 120.00
163.00 120.50
163.00 121.00
163.00 121.50
163.00 122.00
163.00 122.50
163.00 123.00
163.00 123.50
163.00 124.00
163.00 124.50
163.00 125.00
163.00 125.50
163.00 126.00
163.00 126.50
163.00 127.00
163.00 127.50
163.00 128.00
163.00 128.50
163.00 129.00
163.00 129.50
162.50 130.00
162.50 130.50
162.50 131.00
162.50 131.50
162.00 132.00
162.00 132.50
162.00 133.00
162.00 133.50
161.50 134.00
161.50 134.50
161.00 135.00
161.00 135.50
161.00 136.00
160.50 136.50
160.50 137.00
160.00 137.50
160.00 138.00
159.50 138.50
159.00 139.00
159.00 139.50
158.50 140.00
158.50 140.50
158.00 141.00
157.50 141.50
157.50 142.00
157.00 142.50
156.50 143.00
156.00 143.50
155.50 144.00
155.00 144.50
155.00 145.00
154.50 145.50
154.00 146.00
153.50 146.50
153.00 147.00
152.50 147.00
152.00 147.50
151.50 148.00
151.00 148.50
150.50 149.00
150.00 149.00
149.50 149.50
149.00 149.50
148.50 150.00
148.00 150.50
147.50 150.50
147.00 151.00
146.50 151.00
146.00 151.50
145.50 151.50
145.00 152.00
144.50 152.00
144.00 152.50
143.50 152.50
143.00 153.00
142.50 153.00
142.00 153.00
141.50 153.50
141.00 153.50
140.50 153.50
140.00 153.50
139.50 154.00
139.00 154.00
138.50 154.00
138.00 154.00
137.50 154.00
137.00 154.50
136.50 154.50
136.00 154.50
135.50 154.50
135.00 154.50
134.50 154.50
134.00 154.50
133.50 154.50
133.00 154.50
132.50 154.50
132.00 154.50
131.50 154.50
131.00 154.50
130.50 154.50
130.00 154.50
129.50 154.50
129.00 154.50
128.50 154.00
128.00 154.00
127.50 154.00
127.00 154.00
126.50 153.50
126.00 153.50
125.50 153.00
125.00 153.00
124.50 152.50
124.00 152.50
123.50 152.00
123.00 151.50
122.50 151.50
122.00 151.00
121.50 150.50
121.00 150.00
121.00 149.50
120.50 149.00
120.00 148.50
119.50 148.00
119.50 147.50
119.00 147.00
118.50 146.50
118.50 146.00
118.00 145.50
118.00 145.00
117.50 144.50
117.50 144.00
117.00 143.50
117.00 143.00
117.00 142.50
116.50 142.00
116.50 141.50
116.50 141.00
116.00 140.50
116.00 140.00
116.00 139.50
116.00 139.00
115.50 138.50
115.50 138.00
115.50 137.50
115.00 137.00
115.00 136.50
115.00 136.00
115.00 135.50
114.50 135.00
114.50 134.50
114.50 134.00
114.50 133.50
114.00 133.00
114.00 132.50
114.00 132.00
114.00 131.50
114.00 131.00
113.50 130.50
113.50 130.00
113.50 129.50
113.50 129.00
113.50 128.50
113.50 128.00
113.00 127.50
113.00 127.00
113.00 126.50
113.00 126.00
113.00 125.50
113.00 125.00
113.00 124.50
113.00 124.00
112.50 123.50
112.50 123.00
112.50 122.50
112.50 122.00
112.50 121.50
112.50 121.00
112.50 120.50
112.50 120.00
112.50 119.50
112.50 119.00
113.00 118.50
113.00 118.00
113.00 117.50
113.00 117.00
113.00 116.50
113.50 116.00
113.50 115.50
113.50 115.00
113.50 114.50
114.00 114.00
114.00 113.50
114.00 113.00
114.50 112.50
115.00 112.00
115.00 111.50
115.50 111.00
115.50 110.50
116.00 110.00
116.50 109.50
117.00 109.00
117.50 108.50
118.00 108.00
118.00 107.50
118.50 107.00
119.00 106.50
119.50 106.50
120.00 106.00
120.50 105.50
121.00 105.50
121.50 105.00
122.00 104.50
122.50 104.50
123.00 104.00
123.50 103.50
124.00 103.50
124.50 103.00
125.00 103.00
125.50 102.50
126.00 102.50
126.50 102.50
127.00 102.00
127.50 102.00
128.00 102.00
128.50 101.50
