141.50 102.50
142.00 102.50
142.50 103.00
143.00 103.00
143.50 103.00
144.00 103.00
144.50 103.50
145.00 103.50
145.50 103.50
146.00 103.50
146.50 104.00
147.00 104.00
147.50 104.50
148.00 104.50
148.50 104.50
149.00 105.00
149.50 105.00
150.00 105.50
150.50 105.50
151.00 106.00
151.50 106.50
152.00 106.50
152.50 107.00
153.00 107.50
153.50 108.00
154.00 108.50
154.50 108.50
155.00 109.00
155.50 109.50
155.50 110.00
156.00 110.50
156.50 110.50
157.00 111.00
157.00 111.50
157.50 112.00
158.00 112.50
158.50 113.00
159.00 113.50
159.00 114.00
159.50 114.50
159.50 115.00
160.00 115.50
160.50 116.00
160.50 116.50
161.00 117.00
161.00 117.50
161.50 118.00
161.50 118.50
162.00 119.00
162.50 119.50
162.50 120.00
162.50 120.50
163.00 121.00
163.00 121.50
163.00 122.00
163.50 122.50
163.50 123.00
163.50 123.50
163.50 124.00
164.00 124.50
164.00 125.00
164.00 125.50
164.00 126.00
164.50 126.50
164.50 127.00
164.50 127.50
164.50 128.00
164.50 128.50
164.50 129.00
164.50 129.50
165.00 130.00
165.00 130.50
165.00 131.00
165.00 131.50
165.00 132.00
165.00 132.50
165.00 133.00
165.00 133.50
165.00 134.00
165.00 134.50
165.00 135.00
165.00 135.50
164.50 136.00
164.50 136.50
164.50 137.00
164.50 137.50
164.50 138.00
164.50 138.50
164.00 139.00
164.00 139.50
164.00 140.00
164.00 140.50
163.50 141.00
163.50 141.50
163.50 142.00
163.50 142.50
163.00 143.00
163.00 143.50
162.50 144.00
162.50 144.50
162.50 145.00
162.50 145.50
162.00 146.00
162.00 146.50
161.50 147.00
161.00 147.50
161.00 148.00
161.00 148.50
160.50 149.00
160.00 149.50
160.00 150.00
159.50 150.50
159.50 151.00
159.00 151.50
158.50 152.00
158.50 152.50
158.00 153.00
157.50 153.50
157.00 154.00
156.50 154.50
156.00 155.00
155.50 155.50
155.00 156.00
154.50 156.50
154.00 157.00
153.50 157.50
153.00 157.50
152.50 158.00
152.00 158.00
151.50 158.50
151.00 158.50
150.50 159.00
150.00 159.00
149.50 159.50
149.00 159.50
148.50 159.50
148.00 160.00
147.50 160.00
147.00 160.50
146.50 160.50
146.00 160.50
145.50 160.50
145.00 160.50
144.50 161.00
144.00 161.00
143.50 161.00
143.00 161.00
142.50 161.50
142.00 161.50
141.50 161.50
141.00 161.50
140.50 161.50
140.00 161.50
139.50 161.50
139.00 161.50
138.50 162.00
138.00 162.00
137.50 162.00
137.00 162.00
136.50 162.00
136.00 162.00
135.50 162.00
135.00 162.00
134.50 162.00
134.00 162.00
133.50 162.00
133.00 162.00
132.50 162.00
132.00 162.00
131.50 162.00
131.00 161.50
130.50 161.50
130.00 161.50
129.50 161.50
129.00 161.50
128.50 161.50
128.00 161.50
127.50 161.00
127.00 161.00
126.50 161.00
126.00 161.00
125.50 161.00
125.00 160.50
124.50 160.50
124.00 160.50
123.50 160.00
123.00 160.00
122.50 160.00
122.00 159.50
121.50 159.50
121.00 159.00
120.50 159.00
120.00 158.50
119.50 158.50
119.00 158.00
118.50 157.50
118.00 157.50
117.50 157.00
117.00 156.50
116.50 156.00
116.00 155.50
115.50 155.00
115.00 154.50
115.00 154.00
114.50 153.50
114.50 153.00
114.00 152.50
114.00 152.00
113.50 151.50
113.50 151.00
113.00 150.50
113.00 150.00
112.50 149.50
112.50 149.00
112.00 148.50
112.00 148.00
112.00 147.50
112.00 147.00
111.50 146.50
111.50 146.00
111.50 145.50
111.50 145.00
111.00 144.50
111.00 144.00
111.00 143.50
111.00 143.00
111.00 142.50
111.00 142.00
110.50 141.50
110.50 141.00
110.50 140.50
110.50 140.00
110.50 139.50
110.50 139.00
110.50 138.50
110.50 138.00
110.50 137.50
110.00 137.00
110.00 136.50
110.00 136.00
110.00 135.50
110.00 135.00
110.00 134.50
110.00 134.00
110.00 133.50
110.00 133.00
110.00 132.50
110.00 132.00
110.00 131.50
110.00 131.00
110.00 130.50
110.00 130.00
110.50 129.50
110.50 129.00
110.50 128.50
110.50 128.00
110.50 127.50
110.50 127.00
110.50 126.50
111.00 126.00
111.00 125.50
111.00 125.00
111.00 124.50
111.00 124.00
111.50 123.50
111.50 123.00
111.50 122.50
111.50 122.00
112.00 121.50
112.00 121.00
112.50 120.50
112.50 120.00
112.50 119.50
113.00 119.00
113.00 118.50
113.50 118.00
113.50 117.50
114.00 117.00
114.50 116.50
114.50 116.00
114.50 115.50
115.00 115.00
115.50 114.50
116.00 114.00
116.50 113.50
117.00 113.00
117.00 112.50
117.50 112.00
118.00 111.50
118.50 111.00
119.00 110.50
119.50 110.50
120.00 110.00
120.50 109.50
121.00 109.00
121.50 108.50
122.00 108.00
122.50 107.50
123.00 107.50
123.50 107.00
124.00 106.50
124.50 106.00
125.00 105.50
125.50 105.00
126.00 105.00
126.50 104.50
127.00 104.00
127.50 104.00
128.00 103.50
128.50 103.50
129.00 103.50
129.50 103.00
130.00 103.00
130.50 102.50
131.00 102.50
131.50 102.50
132.00 102.50
132.50 102.00
133.00 102.00
133.50 102.00
134.00 102.00
134.50 102.00
135.00 101.50
135.50 101.50
136.00 101.50
136.50 101.50
137.00 101.50
137.50 101.50
138.00 101.50
138.50 101.50
139.00 101.50
139.50 101.50
140.00 101.50
140.50 101.50
141.00 102.00
