134.50 99.00
135.00 99.00
135.50 99.00
136.00 99.00
136.50 99.00
137.00 99.00
137.50 99.00
138.00 99.50
138.50 99.50
139.00 99.50
139.50 100.00
140.00 100.00
140.50 100.00
141.00 100.50
141.50 100.50
142.00 101.00
142.50 101.00
143.00 101.50
143.50 102.00
144.00 102.00
144.50 102.50
145.00 102.50
145.50 103.00
146.00 103.50
146.50 104.00
147.00 104.00
147.50 104.50
148.00 105.00
148.50 105.50
149.00 106.00
149.50 106.50
150.00 107.00
150.50 107.50
151.00 108.00
151.50 108.50
152.00 109.00
152.50 109.50
152.50 110.00
152.50 110.50
153.00 111.00
153.50 111.50
154.00 112.00
154.00 112.50
154.50 113.00
154.50 113.50
155.00 114.00
155.00 114.50
155.50 115.00
155.50 115.50
155.50 116.00
156.00 116.50
156.00 117.00
156.00 117.50
156.00 118.00
156.50 118.50
156.50 119.00
156.50 119.50
156.50 120.00
157.00 120.50
157.00 121.00
157.00 121.50
157.00 122.00
157.00 122.50
157.00 123.00
157.00 123.50
157.00 124.00
157.00 124.50
157.00 125.00
157.00 125.50
157.00 126.00
157.00 126.50
156.50 127.00
156.50 127.50
156.50 128.00
156.50 128.50
156.50 129.00
156.00 129.50
156.00 130.00
156.00 130.50
155.50 131.00
155.50 131.50
155.00 132.00
155.00 132.50
154.50 133.00
154.50 133.50
154.00 134.00
154.00 134.50
153.50 135.00
153.00 135.50
152.50 136.00
152.00 136.50
151.50 137.00
151.00 137.50
150.50 137.50
150.00 138.00
149.50 138.50
149.00 139.00
148.50 139.00
148.00 139.50
147.50 140.00
147.00 140.00
146.50 140.00
146.00 140.50
145.50 140.50
145.00 141.00
144.50 141.00
144.00 141.00
143.50 141.50
143.00 141.50
142.50 141.50
142.00 142.00
141.50 142.00
141.00 142.00
140.50 142.00
140.00 142.00
139.50 142.50
139.00 142.50
138.50 142.50
138.00 142.50
137.50 142.50
137.00 142.50
136.50 142.50
136.00 142.50
135.50 143.00
135.00 143.00
134.50 143.00
134.00 143.00
133.50 143.00
133.00 143.00
132.50 143.00
132.00 143.00
131.50 142.50
131.00 142.50
130.50 142.50
130.00 142.50
129.50 142.50
129.00 142.50
128.50 142.50
128.00 142.50
127.50 142.00
127.00 142.00
126.50 142.00
126.00 142.00
125.50 141.50
125.00 141.50
124.50 141.50
124.00 141.00
123.50 141.00
123.00 141.00
122.50 140.50
122.00 140.50
121.50 140.00
121.00 140.00
120.50 139.50
120.00 139.50
119.50 139.00
119.00 138.50
118.50 138.00
118.00 137.50
117.50 137.00
117.00 136.50
116.50 136.00
116.50 135.50
116.00 135.00
116.00 134.50
115.50 134.00
115.50 133.50
115.00 133.00
115.00 132.50
115.00 132.00
115.00 131.50
114.50 131.00
114.50 130.50
114.50 130.00
114.50 129.50
114.50 129.00
114.00 128.50
114.00 128.00
114.00 127.50
114.00 127.00
114.00 126.50
114.00 126.00
114.00 125.50
114.00 125.00
114.00 124.50
114.00 124.00
114.00 123.50
114.00 123.00
114.00 122.50
114.00 122.00
114.00 121.50
114.00 121.00
114.00 120.50
114.00 120.00
114.00 119.50
114.50 119.00
114.50 118.50
114.50 118.00
114.50 117.50
114.50 117.00
115.00 116.50
115.00 116.00
115.00 115.50
115.50 115.00
115.50 114.50
116.00 114.00
116.00 113.50
116.00 113.00
116.50 112.50
116.50 112.00
117.00 111.50
117.00 111.00
117.50 110.50
118.00 110.00
118.50 109.50
118.50 109.00
119.00 108.50
119.50 108.00
120.00 107.50
120.50 107.00
120.50 106.50
121.00 106.00
121.50 106.00
122.00 105.50
122.50 105.00
123.00 104.50
123.50 104.00
124.00 103.50
124.50 103.50
125.00 103.00
125.50 102.50
126.00 102.00
126.50 102.00
127.00 101.50
127.50 101.00
128.00 101.00
128.50 100.50
129.00 100.50
129.50 100.00
130.00 100.00
130.50 99.50
131.00 99.50
131.50 99.50
132.00 99.50
132.50 99.00
133.00 99.00
133.50 99.00
134.00 99.00
