109.50 118.50
110.00 118.00
110.50 117.50
110.50 117.00
111.00 116.50
111.00 116.00
111.50 115.50
112.00 115.00
112.50 114.50
113.00 114.00
113.00 113.50
113.50 113.00
114.00 112.50
114.50 112.00
115.00 111.50
115.50 111.50
116.00 111.00
116.50 110.50
117.00 110.00
117.50 109.50
118.00 109.50
118.50 109.00
119.00 109.00
119.50 109.00
120.00 108.50
120.50 108.50
121.00 108.00
121.50 108.00
122.00 107.50
122.50 107.50
123.00 107.50
123.50 107.50
124.00 107.00
124.50 107.00
125.00 107.00
125.50 107.00
126.00 106.50
126.50 106.50
127.00 106.50
127.50 106.50
128.00 106.50
128.50 106.50
129.00 106.50
129.50 106.50
130.00 106.50
130.50 106.50
131.00 106.50
131.50 106.50
132.00 107.00
132.50 107.00
133.00 107.00
133.50 107.00
134.00 107.00
134.50 107.00
135.00 107.00
135.50 107.00
136.00 107.50
136.50 107.50
137.00 107.50
137.50 107.50
138.00 107.50
138.50 107.50
139.00 107.50
139.50 107.50
140.00 108.00
140.50 108.00
141.00 108.00
141.50 108.00
142.00 108.00
142.50 108.50
143.00 108.50
143.50 108.50
144.00 109.00
144.50 109.00
145.00 109.50
145.50 109.50
146.00 109.50
146.50 110.00
147.00 110.50
147.50 110.50
148.00 111.00
148.50 111.50
149.00 112.00
149.50 112.50
150.00 113.00
150.00 113.50
150.50 114.00
151.00 114.50
151.00 115.00
151.50 115.50
151.50 116.00
152.00 116.50
152.00 117.00
152.50 117.50
152.50 118.00
153.00 118.50
153.00 119.00
153.00 119.50
153.50 120.00
153.50 120.50
153.50 121.00
154.00 121.50
154.00 122.00
154.00 122.50
154.00 123.00
154.00 123.50
154.50 124.00
154.50 124.50
154.50 125.00
154.50 125.50
154.50 126.00
154.50 126.50
154.50 127.00
154.50 127.50
154.50 128.00
154.50 128.50
154.50 129.00
154.50 129.50
154.50 130.00
154.50 130.50
154.50 131.00
154.50 131.50
154.00 132.00
154.00 132.50
154.00 133.00
154.00 133.50
154.00 134.00
153.50 134.50
153.50 135.00
153.50 135.50
153.50 136.00
153.00 136.50
153.00 137.00
152.50 137.50
152.50 138.00
152.50 138.50
152.00 139.00
152.00 139.50
151.50 140.00
151.50 140.50
151.00 141.00
151.00 141.50
150.50 142.00
150.00 142.50
150.00 143.00
149.50 143.50
149.00 144.00
149.00 144.50
148.50 145.00
148.00 145.50
147.50 146.00
147.00 146.50
147.00 147.00
146.50 147.50
146.00 147.50
145.50 148.00
145.50 148.50
145.00 149.00
144.50 149.00
144.00 149.50
143.50 150.00
143.00 150.50
142.50 151.00
142.00 151.00
141.50 151.50
141.00 152.00
140.50 152.00
140.00 152.50
139.50 153.00
139.00 153.00
138.50 153.50
138.00 153.50
137.50 154.00
137.00 154.00
136.50 154.50
136.00 154.50
135.50 155.00
135.00 155.00
134.50 155.50
134.00 155.50
133.50 155.50
133.00 156.00
132.50 156.00
132.00 156.00
131.50 156.50
131.00 156.50
130.50 156.50
130.00 157.00
129.50 157.00
129.00 157.00
128.50 157.00
128.00 157.00
127.50 157.50
127.00 157.50
126.50 157.50
126.00 157.50
125.50 158.00
125.00 158.00
124.50 158.00
124.00 158.00
123.50 158.00
123.00 158.00
122.50 158.00
122.00 158.00
121.50 158.00
121.00 158.00
120.50 158.00
120.00 158.00
119.50 158.00
119.00 157.50
118.50 157.50
118.00 157.50
117.50 157.50
117.00 157.50
116.50 157.00
116.00 157.00
115.50 157.00
115.00 156.50
114.50 156.50
114.00 156.00
113.50 155.50
113.00 155.00
112.50 155.00
112.00 154.50
111.50 154.00
111.00 153.50
110.50 153.00
110.00 152.50
110.00 152.00
109.50 151.50
109.00 151.00
108.50 150.50
108.50 150.00
108.00 149.50
108.00 149.00
107.50 148.50
107.50 148.00
107.00 147.50
107.00 147.00
106.50 146.50
106.50 146.00
106.50 145.50
106.00 145.00
106.00 144.50
106.00 144.00
105.50 143.50
105.50 143.00
105.50 142.50
105.50 142.00
105.50 141.50
105.00 141.00
105.00 140.50
105.00 140.00
105.00 139.50
105.00 139.00
105.00 138.50
105.00 138.00
105.00 137.50
105.00 137.00
105.00 136.50
105.00 136.00
105.00 135.50
105.00 135.00
105.00 134.50
105.00 134.00
105.00 133.50
105.50 133.00
105.50 132.50
105.50 132.00
105.50 131.50
106.00 131.00
106.00 130.50
106.00 130.00
106.00 129.50
106.50 129.00
106.50 128.50
106.50 128.00
107.00 127.50
107.00 127.00
107.00 126.50
107.50 126.00
107.50 125.50
107.50 125.00
108.00 124.50
108.00 124.00
108.00 123.50
108.50 123.00
108.50 122.50
108.50 122.00
109.00 121.50
109.00 121.00
109.00 120.50
109.50 120.00
109.50 119.50
109.50 119.00
