125.00 154.00
124.50 154.00
124.00 154.00
123.50 154.00
123.00 153.50
122.50 153.50
122.00 153.50
121.50 153.00
121.00 153.00
120.50 153.00
120.00 152.50
119.50 152.50
119.00 152.50
118.50 152.50
118.00 152.00
117.50 152.00
117.00 152.00
116.50 152.00
116.00 151.50
115.50 151.50
115.00 151.50
114.50 151.50
114.00 151.00
113.50 151.00
113.00 151.00
112.50 151.00
112.00 150.50
111.50 150.50
111.00 150.00
110.50 150.00
110.00 149.50
109.50 149.00
109.00 149.00
108.50 148.50
108.50 148.00
108.00 147.50
107.50 147.00
107.00 146.50
107.00 146.00
106.50 145.50
106.00 145.00
106.00 144.50
105.50 144.00
105.50 143.50
105.00 143.00
105.00 142.50
104.50 142.00
104.50 141.50
104.50 141.00
104.00 140.50
104.00 140.00
103.50 139.50
103.50 139.00
103.50 138.50
103.50 138.00
103.00 137.50
103.00 137.00
103.00 136.50
103.00 136.00
102.50 135.50
102.50 135.00
102.50 134.50
102.50 134.00
102.50 133.50
102.50 133.00
102.50 132.50
102.50 132.00
102.50 131.50
102.50 131.00
102.00 130.50
102.00 130.00
102.00 129.50
102.00 129.00
102.00 128.50
102.00 128.00
102.00 127.50
102.00 127.00
102.00 126.50
102.00 126.00
102.00 125.50
102.00 125.00
102.00 124.50
102.00 124.00
102.00 123.50
102.00 123.00
102.00 122.50
102.00 122.00
102.00 121.50
102.00 121.00
102.00 120.50
102.00 120.00
102.00 119.50
102.00 119.00
102.00 118.50
102.00 118.00
102.00 117.50
102.00 117.00
102.00 116.50
102.00 116.00
102.00 115.50
102.50 115.00
102.50 114.50
102.50 114.00
102.50 113.50
103.00 113.00
103.00 112.50
103.00 112.00
103.50 111.50
103.50 111.00
104.00 110.50
104.50 110.00
104.50 109.50
105.00 109.00
105.50 108.50
105.50 108.00
106.00 107.50
106.50 107.00
107.00 106.50
107.50 106.00
108.00 105.50
108.50 105.50
109.00 105.00
109.50 104.50
110.00 104.00
110.50 104.00
111.00 103.50
111.50 103.00
112.00 103.00
112.50 102.50
113.00 102.00
113.50 102.00
114.00 101.50
114.50 101.00
115.00 101.00
115.50 100.50
116.00 100.50
116.50 100.00
117.00 100.00
117.50 99.50
118.00 99.00
118.50 99.00
119.00 98.50
119.50 98.50
120.00 98.00
120.50 98.00
121.00 97.50
121.50 97.50
122.00 97.00
122.50 97.00
123.00 96.50
123.50 96.50
124.00 96.50
124.50 96.00
125.00 96.00
125.50 95.50
126.00 95.50
126.50 95.50
127.00 95.00
127.50 95.00
128.00 95.00
128.50 95.00
129.00 94.50
129.50 94.50
130.00 94.50
130.50 94.50
131.00 94.00
131.50 94.00
132.00 94.00
132.50 94.00
133.00 94.00
133.50 94.00
134.00 94.00
134.50 94.00
135.00 94.00
135.50 94.00
136.00 94.00
136.50 94.00
137.00 94.00
137.50 94.00
138.00 94.00
138.50 94.00
139.00 94.50
139.50 94.50
140.00 94.50
140.50 94.50
141.00 94.50
141.50 95.00
142.00 95.00
142.50 95.00
143.00 95.50
143.50 95.50
144.00 95.50
144.50 96.00
145.00 96.00
145.50 96.50
146.00 96.50
146.50 97.00
147.00 97.00
147.50 97.50
148.00 97.50
148.50 98.00
149.00 98.00
149.50 98.50
150.00 99.00
150.50 99.50
151.00 99.50
151.50 100.00
152.00 100.50
152.50 101.00
152.50 101.50
153.00 102.00
153.50 102.50
154.00 103.00
154.50 103.50
155.00 104.00
155.50 104.50
155.50 105.00
156.00 105.50
156.50 106.00
156.50 106.50
157.00 107.00
157.50 107.50
157.50 108.00
158.00 108.50
158.00 109.00
158.50 109.50
158.50 110.00
159.00 110.50
159.00 111.00
159.50 111.50
159.50 112.00
160.00 112.50
160.00 113.00
160.00 113.50
160.50 114.00
160.50 114.50
160.50 115.00
161.00 115.50
161.00 116.00
161.00 116.50
161.00 117.00
161.00 117.50
161.50 118.00
161.50 118.50
161.50 119.00
161.50 119.50
161.50 120.00
161.50 120.50
161.50 121.00
161.50 121.50
161.50 122.00
161.50 122.50
161.50 123.00
161.50 123.50
161.50 124.00
161.50 124.50
161.50 125.00
161.00 125.50
161.00 126.00
161.00 126.50
161.00 127.00
160.50 127.50
160.50 128.00
160.50 128.50
160.50 129.00
160.00 129.50
160.00 130.00
160.00 130.50
159.50 131.00
159.50 131.50
159.50 132.00
159.00 132.50
159.00 133.00
158.50 133.50
158.50 134.00
158.00 134.50
158.00 135.00
157.50 135.50
157.50 136.00
157.00 136.50
157.00 137.00
156.50 137.50
156.50 138.00
156.00 138.50
155.50 139.00
155.50 139.50
155.00 140.00
154.50 140.50
154.00 141.00
154.00 141.50
153.50 142.00
153.00 142.50
153.00 143.00
152.50 143.50
152.00 144.00
151.50 144.50
151.00 145.00
151.00 145.50
150.50 146.00
150.00 146.50
149.50 147.00
149.00 147.00
148.50 147.50
148.00 148.00
147.50 148.50
147.00 148.50
146.50 149.00
146.00 149.50
145.50 149.50
145.00 150.00
144.50 150.00
144.00 150.50
143.50 150.50
143.00 151.00
142.50 151.00
142.00 151.50
141.50 151.50
141.00 152.00
140.50 152.00
140.00 152.00
139.50 152.50
139.00 152.50
138.50 152.50
138.00 152.50
137.50 153.00
137.00 153.00
136.50 153.00
136.00 153.00
135.50 153.00
135.00 153.50
134.50 153.50
134.00 153.50
133.50 153.50
133.00 153.50
132.50 153.50
132.00 154.00
131.50 154.00
131.00 154.00
130.50 154.00
130.00 154.00
129.50 154.00
129.00 154.50
128.50 154.50
128.00 154.50
127.50 154.50
127.00 154.50
126.50 154.50
126.00 154.50
125.50 154.50
