143.50 96.50
144.00 96.50
144.50 97.00
145.00 97.00
145.50 97.00
146.00 97.50
146.50 97.50
147.00 98.00
147.50 98.00
148.00 98.00
148.50 98.50
149.00 98.50
149.50 98.50
150.00 99.00
150.50 99.50
151.00 100.00
151.50 100.00
152.00 100.00
152.50 100.50
153.00 101.00
153.50 101.50
154.00 102.00
154.50 102.50
155.00 103.00
155.50 103.50
156.00 104.00
156.50 104.50
156.50 105.00
157.00 105.50
157.50 106.00
157.50 106.50
158.00 107.00
158.00 107.50
158.50 108.00
158.50 108.50
159.00 109.00
159.00 109.50
159.50 110.00
159.50 110.50
160.00 111.00
160.00 111.50
160.00 112.00
160.50 112.50
160.50 113.00
160.50 113.50
161.00 114.00
161.00 114.50
161.00 115.00
161.00 115.50
161.50 116.00
161.50 116.50
161.50 117.00
161.50 117.50
161.50 118.00
161.50 118.50
162.00 119.00
162.00 119.50
162.00 120.00
162.00 120.50
162.00 121.00
162.00 121.50
162.00 122.00
162.00 122.50
162.00 123.00
162.00 123.50
162.00 124.00
162.00 124.50
162.00 125.00
162.00 125.50
161.50 126.00
161.50 126.50
161.50 127.00
161.50 127.50
161.50 128.00
161.50 128.50
161.50 129.00
161.00 129.50
161.00 130.00
161.00 130.50
161.00 131.00
160.50 131.50
160.50 132.00
160.00 132.50
160.00 133.00
160.00 133.50
160.00 134.00
159.50 134.50
159.00 135.00
159.00 135.50
159.00 136.00
158.50 136.50
158.50 137.00
158.00 137.50
157.50 138.00
157.50 138.50
157.00 139.00
156.50 139.50
156.00 140.00
156.00 140.50
155.50 141.00
155.00 141.50
154.50 142.00
154.00 142.50
154.00 143.00
153.50 143.50
153.00 143.50
152.50 144.00
152.00 144.50
151.50 145.00
151.00 145.50
150.50 146.00
150.00 146.50
149.50 147.00
149.00 147.00
148.50 147.50
148.00 148.00
147.50 148.50
147.00 148.50
146.50 149.00
146.00 149.00
145.50 149.50
145.00 150.00
144.50 150.00
144.00 150.50
143.50 150.50
143.00 151.00
142.50 151.00
142.00 151.00
141.50 151.50
141.00 151.50
140.50 151.50
140.00 151.50
139.50 152.00
139.00 152.00
138.50 152.00
138.00 152.00
137.50 152.50
137.00 152.50
136.50 152.50
136.00 152.50
135.50 152.50
135.00 152.50
134.50 153.00
134.00 153.00
133.50 153.00
133.00 153.00
132.50 153.00
132.00 153.00
131.50 153.50
131.00 153.50
130.50 153.50
130.00 153.50
129.50 153.50
129.00 153.50
128.50 153.50
128.00 153.50
127.50 153.50
127.00 153.50
126.50 153.50
126.00 153.50
125.50 153.00
125.00 153.00
124.50 153.00
124.00 152.50
123.50 152.50
123.00 152.00
122.50 152.00
122.00 151.50
121.50 151.00
121.00 150.50
120.50 150.50
120.00 150.00
119.50 149.50
119.00 149.00
118.50 148.50
118.00 148.00
117.50 148.00
117.00 147.50
116.50 147.00
116.50 146.50
116.00 146.00
115.50 145.50
115.50 145.00
115.00 144.50
115.00 144.00
114.50 143.50
114.00 143.00
114.00 142.50
113.50 142.00
113.00 141.50
113.00 141.00
112.50 140.50
112.50 140.00
112.50 139.50
112.00 139.00
112.00 138.50
112.00 138.00
111.50 137.50
111.50 137.00
111.00 136.50
111.00 136.00
111.00 135.50
111.00 135.00
110.50 134.50
110.50 134.00
110.50 133.50
110.50 133.00
110.00 132.50
110.00 132.00
110.00 131.50
110.00 131.00
110.00 130.50
110.00 130.00
109.50 129.50
109.50 129.00
109.50 128.50
109.50 128.00
109.50 127.50
109.50 127.00
109.50 126.50
109.50 126.00
109.50 125.50
109.50 125.00
109.50 124.50
109.50 124.00
109.50 123.50
109.50 123.00
109.50 122.50
109.50 122.00
109.50 121.50
109.50 121.00
109.50 120.50
109.50 120.00
109.50 119.50
109.50 119.00
109.50 118.50
109.50 118.00
110.00 117.50
110.00 117.00
110.00 116.50
110.00 116.00
110.00 115.50
110.50 115.00
110.50 114.50
110.50 114.00
110.50 113.50
111.00 113.00
111.00 112.50
111.50 112.00
111.50 111.50
111.50 111.00
112.00 110.50
112.00 110.00
112.50 109.50
113.00 109.00
113.00 108.50
113.50 108.00
114.00 107.50
114.00 107.00
114.50 106.50
115.00 106.00
115.50 105.50
116.00 105.50
116.50 105.00
116.50 104.50
117.00 104.00
117.50 103.50
118.00 103.50
118.50 103.00
119.00 102.50
119.50 102.00
120.00 102.00
120.50 101.50
121.00 101.00
121.50 100.50
122.00 100.50
122.50 100.00
123.00 99.50
123.50 99.50
124.00 99.00
124.50 99.00
125.00 98.50
125.50 98.50
126.00 98.00
126.50 98.00
127.00 98.00
127.50 97.50
128.00 97.50
128.50 97.50
129.00 97.00
129.50 97.00
130.00 97.00
130.50 96.50
131.00 96.50
131.50 96.50
132.00 96.50
132.50 96.50
133.00 96.50
133.50 96.00
134.00 96.00
134.50 96.00
135.00 96.00
135.50 96.00
136.00 96.00
136.50 96.00
137.00 96.00
137.50 96.00
138.00 96.00
138.50 96.00
139.00 96.00
139.50 96.00
140.00 96.00
140.50 96.00
141.00 96.00
141.50 96.00
142.00 96.50
142.50 96.50
143.00 96.50
