166.00 143.00
166.00 143.50
166.00 144.00
165.50 144.50
165.50 145.00
165.50 145.50
165.00 146.00
165.00 146.50
164.50 147.00
164.50 147.50
164.00 148.00
164.00 148.50
163.50 149.00
163.50 149.50
163.00 150.00
162.50 150.50
162.00 151.00
161.50 151.50
161.50 152.00
161.00 152.50
160.50 153.00
160.00 153.50
159.50 154.00
159.50 154.50
159.00 155.00
158.50 155.00
158.00 155.50
157.50 156.00
157.00 156.50
156.50 157.00
156.00 157.50
155.50 158.00
155.00 158.00
154.50 158.50
154.00 159.00
153.50 159.50
153.00 160.00
152.50 160.50
152.00 160.50
151.50 161.00
151.00 161.00
150.50 161.50
150.00 162.00
149.50 162.00
149.00 162.50
148.50 162.50
148.00 163.00
147.50 163.00
147.00 163.50
146.50 163.50
146.00 164.00
145.50 164.00
145.00 164.50
144.50 164.50
144.00 165.00
143.50 165.00
143.00 165.00
142.50 165.50
142.00 165.50
141.50 165.50
141.00 166.00
140.50 166.00
140.00 166.00
139.50 166.50
139.00 166.50
138.50 166.50
138.00 166.50
137.50 166.50
137.00 167.00
136.50 167.00
136.00 167.00
135.50 167.00
135.00 167.00
134.50 167.00
134.00 167.00
133.50 167.50
133.00 167.50
132.50 167.50
132.00 167.50
131.50 167.50
131.00 167.50
130.50 167.50
130.00 167.50
129.50 167.50
129.00 167.50
128.50 167.50
128.00 167.50
127.50 167.50
127.00 167.00
126.50 167.00
126.00 167.00
125.50 167.00
125.00 167.00
124.50 167.00
124.00 167.00
123.50 166.50
123.00 166.50
122.50 166.50
122.00 166.50
121.50 166.50
121.00 166.00
120.50 166.00
120.00 166.00
119.50 166.00
119.00 165.50
118.50 165.50
118.00 165.50
117.50 165.00
117.00 165.00
116.50 165.00
116.00 164.50
115.50 164.50
115.00 164.50
114.50 164.00
114.00 164.00
113.50 163.50
113.00 163.50
112.50 163.50
112.00 163.00
111.50 163.00
111.00 162.50
110.50 162.50
110.00 162.00
109.50 162.00
109.00 161.50
108.50 161.00
108.00 161.00
107.50 160.50
107.00 160.00
106.50 160.00
106.00 159.50
105.50 159.00
105.00 158.50
104.50 158.50
104.00 158.00
103.50 157.50
103.00 157.00
102.50 156.50
102.00 156.00
101.50 155.50
101.00 155.00
100.50 154.50
100.50 154.00
100.00 153.50
99.50 153.00
99.50 152.50
99.00 152.00
98.50 151.50
98.50 151.00
98.00 150.50
98.00 150.00
98.00 149.50
97.50 149.00
97.50 148.50
97.00 148.00
97.00 147.50
97.00 147.00
96.50 146.50
96.50 146.00
96.50 145.50
96.00 145.00
96.00 144.50
96.00 144.00
96.00 143.50
96.00 143.00
96.00 142.50
96.00 142.00
96.00 141.50
96.00 141.00
96.00 140.50
96.00 140.00
96.00 139.50
96.00 139.00
96.00 138.50
96.00 138.00
96.00 137.50
96.00 137.00
96.00 136.50
96.50 136.00
96.50 135.50
96.50 135.00
96.50 134.50
97.00 134.00
97.00 133.50
97.00 133.00
97.00 132.50
97.00 132.00
97.50 131.50
97.50 131.00
98.00 130.50
98.00 130.00
98.00 129.50
98.50 129.00
98.50 128.50
98.50 128.00
99.00 127.50
99.00 127.00
99.50 126.50
99.50 126.00
99.50 125.50
100.00 125.00
100.00 124.50
100.50 124.00
100.50 123.50
101.00 123.00
101.00 122.50
101.00 122.00
101.50 121.50
102.00 121.00
102.00 120.50
102.50 120.00
102.50 119.50
102.50 119.00
103.00 118.50
103.00 118.00
103.50 117.50
103.50 117.00
104.00 116.50
104.00 116.00
104.50 115.50
104.50 115.00
105.00 114.50
105.00 114.00
105.50 113.50
106.00 113.00
106.00 112.50
106.50 112.00
106.50 111.50
107.00 111.00
107.00 110.50
107.50 110.00
108.00 109.50
108.00 109.00
108.50 108.50
109.00 108.00
109.00 107.50
109.50 107.00
110.00 106.50
110.50 106.00
110.50 105.50
111.00 105.00
111.50 104.50
112.00 104.00
112.50 103.50
112.50 103.00
113.00 102.50
113.50 102.00
114.00 102.00
114.50 101.50
115.00 101.00
115.50 100.50
116.00 100.00
116.50 99.50
117.00 99.00
117.50 98.50
118.00 98.00
118.50 98.00
119.00 98.00
119.50 97.50
120.00 97.00
120.50 97.00
121.00 96.50
121.50 96.50
122.00 96.00
122.50 95.50
123.00 95.50
123.50 95.50
124.00 95.00
124.50 95.00
125.00 94.50
125.50 95.00
126.00 95.00
126.50 95.00
127.00 94.50
127.50 94.00
128.00 94.00
128.50 94.00
129.00 93.50
129.50 93.50
130.00 93.00
130.50 93.00
131.00 92.50
131.50 92.50
132.00 92.50
132.50 92.00
133.00 92.00
133.50 92.00
134.00 92.00
134.50 92.00
135.00 92.00
135.50 92.00
136.00 91.50
136.50 91.50
137.00 91.50
137.50 91.50
138.00 92.00
138.50 92.00
139.00 92.00
139.50 92.00
140.00 92.00
140.50 92.00
141.00 92.00
141.50 92.50
142.00 92.50
142.50 92.50
143.00 92.50
143.50 93.00
144.00 93.00
144.50 93.00
145.00 93.00
145.50 93.50
146.00 93.50
146.50 94.00
147.00 94.00
147.50 94.50
148.00 94.50
148.50 95.00
149.00 95.00
149.50 95.50
150.00 96.00
150.50 96.00
151.00 96.50
151.50 97.00
152.00 97.50
152.50 97.50
153.00 98.00
153.50 98.50
154.00 99.00
154.50 99.50
155.00 100.00
155.50 100.50
156.00 100.50
156.50 101.00
157.00 101.50
157.50 102.00
158.00 102.50
158.00 103.00
158.50 103.50
158.50 104.00
159.00 104.50
159.50 105.00
160.00 105.50
160.00 106.00
160.50 106.50
160.50 107.00
161.00 107.50
161.00 108.00
161.50 108.50
161.50 109.00
162.00 109.50
162.00 110.00
162.00 110.50
162.50 111.00
162.50 111.50
162.50 112.00
162.50 112.50
163.00 113.00
163.00 113.50
163.00 114.00
163.50 114.50
163.50 115.00
163.50 115.50
163.50 116.00
163.50 116.50
163.50 117.00
164.00 117.50
164.00 118.00
164.00 118.50
164.00 119.00
164.00 119.50
164.50 120.00
164.50 120.50
164.50 121.00
164.50 121.50
164.50 122.00
165.00 122.50
165.00 123.00
165.00 123.50
165.00 124.00
165.00 124.50
165.00 125.00
165.00 125.50
165.50 126.00
165.50 126.50
165.50 127.00
165.50 127.50
165.50 128.00
165.50 128.50
165.50 129.00
165.50 129.50
166.00 130.00
166.00 130.50
166.00 131.00
166.00 131.50
166.00 132.00
166.00 132.50
166.00 133.00
166.00 133.50
166.00 134.00
166.00 134.50
166.00 135.00
166.00 135.50
166.00 136.00
166.00 136.50
166.00 137.00
166.00 137.50
166.00 138.00
166.00 138.50
166.00 139.00
166.00 139.50
166.00 140.00
166.00 140.50
166.00 141.00
166.00 141.50
166.00 142.00
166.00 142.50
