107.00 108.00
107.50 107.50
108.00 107.00
108.00 106.50
108.50 106.00
109.00 105.50
109.00 105.00
109.50 104.50
110.00 104.00
110.50 103.50
110.50 103.00
111.00 102.50
111.50 102.00
112.00 101.50
112.50 101.00
113.00 100.50
113.50 100.00
114.00 100.00
114.50 99.50
115.00 99.00
115.50 98.50
116.00 98.50
116.50 98.00
117.00 97.50
117.50 97.50
118.00 97.00
118.50 96.50
119.00 96.50
119.50 96.50
120.00 96.00
120.50 96.00
121.00 95.50
121.50 95.50
122.00 95.00
122.50 95.00
123.00 95.00
123.50 94.50
124.00 94.50
124.50 94.50
125.00 94.00
125.50 94.00
126.00 94.00
126.50 94.00
127.00 94.00
127.50 93.50
128.00 93.50
128.50 93.50
129.00 93.50
129.50 93.50
130.00 93.50
130.50 93.00
131.00 93.00
131.50 93.00
132.00 93.00
132.50 93.00
133.00 93.00
133.50 93.00
134.00 93.00
134.50 93.00
135.00 93.00
135.50 93.00
136.00 93.00
136.50 93.00
137.00 93.00
137.50 93.00
138.00 93.00
138.50 93.00
139.00 93.00
139.50 93.00
140.00 93.00
140.50 93.50
141.00 93.50
141.50 93.50
142.00 93.50
142.50 93.50
143.00 93.50
143.50 94.00
144.00 94.00
144.50 94.00
145.00 94.00
145.50 94.00
146.00 94.50
146.50 94.50
147.00 94.50
147.50 95.00
148.00 95.00
148.50 95.00
149.00 95.50
149.50 95.50
150.00 96.00
150.50 96.00
151.00 96.50
151.50 96.50
152.00 96.50
152.50 97.00
153.00 97.50
153.50 97.50
154.00 98.00
154.50 98.50
155.00 98.50
155.50 99.00
156.00 99.50
156.50 100.00
157.00 100.00
157.50 100.50
157.50 101.00
158.00 101.50
158.50 102.00
159.00 102.50
159.50 103.00
160.00 103.50
160.50 104.00
160.50 104.50
161.00 105.00
161.50 105.50
161.50 106.00
162.00 106.50
162.50 107.00
162.50 107.50
163.00 108.00
163.00 108.50
163.50 109.00
163.50 109.50
163.50 110.00
164.00 110.50
164.00 111.00
164.00 111.50
164.50 112.00
164.50 112.50
164.50 113.00
164.50 113.50
165.00 114.00
165.00 114.50
165.00 115.00
165.00 115.50
165.00 116.00
165.00 116.50
165.00 117.00
165.00 117.50
165.00 118.00
165.00 118.50
165.00 119.00
165.00 119.50
165.00 120.00
165.00 120.50
165.00 121.00
165.00 121.50
165.00 122.00
165.00 122.50
165.00 123.00
165.00 123.50
165.00 124.00
164.50 124.50
164.50 125.00
164.50 125.50
164.50 126.00
164.50 126.50
164.50 127.00
164.00 127.50
164.00 128.00
164.00 128.50
164.00 129.00
163.50 129.50
163.50 130.00
163.50 130.50
163.00 131.00
163.00 131.50
163.00 132.00
162.50 132.50
162.50 133.00
162.50 133.50
162.00 134.00
162.00 134.50
162.00 135.00
161.50 135.50
161.50 136.00
161.00 136.50
161.00 137.00
160.50 137.50
160.50 138.00
160.50 138.50
160.00 139.00
160.00 139.50
159.50 140.00
159.50 140.50
159.00 141.00
158.50 141.50
158.00 142.00
158.00 142.50
157.50 143.00
157.50 143.50
157.00 144.00
156.50 144.50
156.00 145.00
156.00 145.50
155.50 146.00
155.00 146.50
154.50 147.00
154.00 147.50
153.50 148.00
153.00 148.50
152.50 149.00
152.00 149.00
151.50 149.50
151.00 150.00
150.50 150.50
150.00 150.50
149.50 151.00
149.00 151.50
148.50 151.50
148.00 152.00
147.50 152.00
147.00 152.50
146.50 152.50
146.00 153.00
145.50 153.00
145.00 153.50
144.50 153.50
144.00 154.00
143.50 154.00
143.00 154.00
142.50 154.50
142.00 154.50
141.50 154.50
141.00 155.00
140.50 155.00
140.00 155.00
139.50 155.00
139.00 155.00
138.50 155.50
138.00 155.50
137.50 155.50
137.00 155.50
136.50 155.50
136.00 155.50
135.50 155.50
135.00 155.50
134.50 155.50
134.00 155.50
133.50 156.00
133.00 156.00
132.50 156.00
132.00 156.00
131.50 155.50
131.00 155.50
130.50 155.50
130.00 155.50
129.50 155.50
129.00 155.50
128.50 155.50
128.00 155.50
127.50 155.50
127.00 155.50
126.50 155.50
126.00 155.50
125.50 155.00
125.00 155.00
124.50 155.00
124.00 155.00
123.50 155.00
123.00 155.00
122.50 154.50
122.00 154.50
121.50 154.50
121.00 154.50
120.50 154.50
120.00 154.00
119.50 154.00
119.00 154.00
118.50 154.00
118.00 153.50
117.50 153.50
117.00 153.50
116.50 153.50
116.00 153.00
115.50 153.00
115.00 153.00
114.50 152.50
114.00 152.50
113.50 152.00
113.00 152.00
112.50 152.00
112.00 151.50
111.50 151.50
111.00 151.00
110.50 151.00
110.00 150.50
109.50 150.00
109.00 150.00
108.50 149.50
108.00 149.00
107.50 148.50
107.00 148.00
106.50 147.50
106.00 147.00
105.50 146.50
105.50 146.00
105.00 145.50
104.50 145.00
104.50 144.50
104.00 144.00
103.50 143.50
103.50 143.00
103.50 142.50
103.00 142.00
103.00 141.50
102.50 141.00
102.50 140.50
102.50 140.00
102.00 139.50
102.00 139.00
102.00 138.50
101.50 138.00
101.50 137.50
101.50 137.00
101.50 136.50
101.50 136.00
101.50 135.50
101.50 135.00
101.50 134.50
101.50 134.00
101.50 133.50
101.50 133.00
101.50 132.50
101.50 132.00
101.50 131.50
101.50 131.00
101.50 130.50
101.50 130.00
101.50 129.50
101.50 129.00
102.00 128.50
102.00 128.00
102.00 127.50
102.00 127.00
102.00 126.50
102.50 126.00
102.50 125.50
102.50 125.00
102.50 124.50
102.50 124.00
103.00 123.50
103.00 123.00
103.00 122.50
103.00 122.00
103.00 121.50
103.50 121.00
103.50 120.50
103.50 120.00
103.50 119.50
103.50 119.00
104.00 118.50
104.00 118.00
104.00 117.50
104.00 117.00
104.00 116.50
104.50 116.00
104.50 115.50
104.50 115.00
105.00 114.50
105.00 114.00
105.00 113.50
105.00 113.00
105.50 112.50
105.50 112.00
106.00 111.50
106.00 111.00
106.00 110.50
106.00 110.00
106.50 109.50
107.00 109.00
107.00 108.50
