109.50 141.00
109.00 140.50
108.50 140.00
108.00 139.50
108.00 139.00
107.50 138.50
107.50 138.00
107.00 137.50
107.00 137.00
107.00 136.50
107.00 136.00
106.50 135.50
106.50 135.00
106.50 134.50
106.50 134.00
106.50 133.50
106.50 133.00
106.50 132.50
106.50 132.00
106.50 131.50
106.50 131.00
106.50 130.50
106.50 130.00
106.50 129.50
106.50 129.00
106.50 128.50
106.50 128.00
106.50 127.50
106.50 127.00
106.50 126.50
106.50 126.00
106.50 125.50
106.50 125.00
106.50 124.50
106.50 124.00
106.50 123.50
106.50 123.00
106.50 122.50
106.50 122.00
106.50 121.50
106.50 121.00
106.50 120.50
106.50 120.00
106.50 119.50
106.50 119.00
107.00 118.50
107.00 118.00
107.00 117.50
107.00 117.00
107.00 116.50
107.00 116.00
107.00 115.50
107.00 115.00
107.00 114.50
107.50 114.00
107.50 113.50
107.50 113.00
107.50 112.50
107.50 112.00
107.50 111.50
108.00 111.00
108.00 110.50
108.00 110.00
108.50 109.50
108.50 109.00
108.50 108.50
109.00 108.00
109.00 107.50
109.00 107.00
109.50 106.50
109.50 106.00
110.00 105.50
110.00 105.00
110.50 104.50
110.50 104.00
111.00 103.50
111.00 103.00
111.50 102.50
112.00 102.00
112.50 101.50
112.50 101.00
113.00 100.50
113.50 100.00
114.00 99.50
114.00 99.00
114.50 98.50
115.00 98.00
115.50 97.50
116.00 97.50
116.50 97.00
117.00 96.50
117.50 96.00
118.00 96.00
118.50 95.50
119.00 95.00
119.50 95.00
120.00 94.50
120.50 94.50
121.00 94.50
121.50 94.00
122.00 94.00
122.50 94.00
123.00 94.00
123.50 94.00
124.00 94.00
124.50 94.00
125.00 94.00
125.50 94.00
126.00 94.00
126.50 94.00
127.00 94.00
127.50 94.00
128.00 94.50
128.50 94.50
129.00 94.50
129.50 94.50
130.00 95.00
130.50 95.00
131.00 95.50
131.50 95.50
132.00 96.00
132.50 96.00
133.00 96.50
133.50 96.50
134.00 97.00
134.50 97.00
135.00 97.50
135.50 98.00
136.00 98.00
136.50 98.50
137.00 99.00
137.50 99.50
138.00 99.50
138.50 100.00
139.00 100.50
139.50 101.00
140.00 101.00
140.50 101.50
141.00 102.00
141.50 102.50
142.00 103.00
142.50 103.50
143.00 104.00
143.50 104.50
144.00 105.00
144.50 105.50
145.00 106.00
145.00 106.50
145.50 107.00
146.00 107.50
146.00 108.00
146.50 108.50
146.50 109.00
147.00 109.50
147.50 110.00
147.50 110.50
148.00 111.00
148.00 111.50
148.00 112.00
148.50 112.50
148.50 113.00
148.50 113.50
149.00 114.00
149.00 114.50
149.00 115.00
149.00 115.50
149.00 116.00
149.50 116.50
149.50 117.00
149.50 117.50
149.50 118.00
149.50 118.50
149.50 119.00
149.50 119.50
149.50 120.00
149.50 120.50
149.50 121.00
149.50 121.50
149.50 122.00
149.50 122.50
149.00 123.00
149.00 123.50
149.00 124.00
149.00 124.50
148.50 125.00
148.50 125.50
148.50 126.00
148.50 126.50
148.00 127.00
148.00 127.50
148.00 128.00
147.50 128.50
147.50 129.00
147.00 129.50
147.00 130.00
147.00 130.50
146.50 131.00
146.50 131.50
146.00 132.00
145.50 132.50
145.00 133.00
145.00 133.50
144.50 134.00
144.00 134.50
143.50 135.00
143.00 135.50
142.50 136.00
142.00 136.50
141.50 137.00
141.00 137.00
140.50 137.50
140.00 137.50
139.50 138.00
139.00 138.00
138.50 138.50
138.00 138.50
137.50 139.00
137.00 139.00
136.50 139.50
136.00 139.50
135.50 139.50
135.00 140.00
134.50 140.00
134.00 140.00
133.50 140.00
133.00 140.50
132.50 140.50
132.00 140.50
131.50 140.50
131.00 140.50
130.50 141.00
130.00 141.00
129.50 141.00
129.00 141.00
128.50 141.00
128.00 141.00
127.50 141.50
127.00 141.50
126.50 141.50
126.00 141.50
125.50 141.50
125.00 141.50
124.50 141.50
124.00 141.50
123.50 142.00
123.00 142.00
122.50 142.00
122.00 142.00
121.50 142.00
121.00 142.00
120.50 142.00
120.00 142.00
119.50 142.00
119.00 142.50
118.50 142.50
118.00 142.50
117.50 142.50
117.00 142.50
116.50 142.50
116.00 142.50
115.50 142.50
115.00 142.50
114.50 142.50
114.00 142.50
113.50 142.50
113.00 142.50
112.50 142.00
112.00 142.00
111.50 142.00
111.00 142.00
110.50 141.50
110.00 141.50
