112.00 122.00
112.50 121.50
113.00 121.00
113.50 120.50
114.00 120.00
114.50 120.00
115.00 119.50
115.50 119.00
116.00 118.50
116.50 118.00
117.00 117.50
117.50 117.00
118.00 116.50
118.50 116.50
119.00 116.00
119.50 115.50
120.00 115.00
120.50 115.00
121.00 115.00
121.50 114.50
122.00 114.50
122.50 114.00
123.00 113.50
123.50 113.50
124.00 113.50
124.50 113.00
125.00 113.00
125.50 113.00
126.00 113.00
126.50 112.50
127.00 112.50
127.50 112.50
128.00 112.50
128.50 112.50
129.00 112.00
129.50 112.00
130.00 112.00
130.50 112.00
131.00 112.00
131.50 112.00
132.00 112.00
132.50 112.00
133.00 112.00
133.50 112.00
134.00 112.00
134.50 112.00
135.00 112.00
135.50 112.50
136.00 112.50
136.50 112.50
137.00 112.50
137.50 112.50
138.00 113.00
138.50 113.00
139.00 113.00
139.50 113.50
140.00 113.50
140.50 114.00
141.00 114.00
141.50 114.50
142.00 114.50
142.50 115.00
143.00 115.00
143.50 115.50
144.00 115.50
144.50 116.00
145.00 116.00
145.50 116.50
146.00 117.00
146.50 117.00
147.00 117.50
147.50 118.00
148.00 118.00
148.50 118.50
149.00 119.00
149.50 119.50
150.00 120.00
150.50 120.00
151.00 120.50
151.50 121.00
152.00 121.00
152.50 121.50
153.00 122.00
153.50 122.50
154.00 123.00
154.50 123.50
155.00 124.00
155.50 124.00
156.00 124.50
156.50 125.00
156.50 125.50
157.00 126.00
157.50 126.50
158.00 127.00
158.50 127.50
158.50 128.00
159.00 128.50
159.50 129.00
159.50 129.50
160.00 130.00
160.00 130.50
160.50 131.00
160.50 131.50
160.50 132.00
161.00 132.50
161.00 133.00
161.50 133.50
161.50 134.00
161.50 134.50
161.50 135.00
162.00 135.50
162.00 136.00
162.00 136.50
162.00 137.00
162.00 137.50
162.00 138.00
162.00 138.50
162.00 139.00
162.50 139.50
162.50 140.00
162.50 140.50
162.50 141.00
162.50 141.50
162.50 142.00
162.50 142.50
162.50 143.00
162.50 143.50
162.00 144.00
162.00 144.50
162.00 145.00
162.00 145.50
162.00 146.00
162.00 146.50
162.00 147.00
162.00 147.50
161.50 148.00
161.50 148.50
161.50 149.00
161.50 149.50
161.00 150.00
161.00 150.50
161.00 151.00
161.00 151.50
161.00 152.00
160.50 152.50
160.50 153.00
160.50 153.50
160.00 154.00
160.00 154.50
159.50 155.00
159.50 155.50
159.00 156.00
159.00 156.50
158.50 157.00
158.50 157.50
158.00 158.00
158.00 158.50
157.50 159.00
157.00 159.50
156.50 160.00
156.50 160.50
156.00 161.00
155.50 161.50
155.00 162.00
154.50 162.50
154.00 163.00
153.50 163.50
153.00 164.00
152.50 164.50
152.00 165.00
151.50 165.00
151.00 165.50
150.50 165.50
150.00 166.00
149.50 166.00
149.00 166.50
148.50 166.50
148.00 167.00
147.50 167.00
147.00 167.00
146.50 167.50
146.00 167.50
145.50 167.50
145.00 167.50
144.50 168.00
144.00 168.00
143.50 168.00
143.00 168.00
142.50 168.00
142.00 168.50
141.50 168.50
141.00 168.50
140.50 168.50
140.00 168.50
139.50 168.50
139.00 168.50
138.50 168.50
138.00 168.50
137.50 168.50
137.00 168.50
136.50 168.50
136.00 168.50
135.50 168.50
135.00 168.00
134.50 168.00
134.00 168.00
133.50 168.00
133.00 168.00
132.50 167.50
132.00 167.50
131.50 167.50
131.00 167.50
130.50 167.00
130.00 167.00
129.50 167.00
129.00 166.50
128.50 166.50
128.00 166.00
127.50 166.00
127.00 166.00
126.50 165.50
126.00 165.00
125.50 165.00
125.00 165.00
124.50 164.50
124.00 164.00
123.50 163.50
123.00 163.50
122.50 163.00
122.00 162.50
121.50 162.50
121.00 162.00
120.50 161.50
120.00 161.00
119.50 160.50
119.00 160.50
118.50 160.00
118.00 159.50
118.00 159.00
117.50 158.50
117.00 158.50
116.50 158.00
116.00 157.50
116.00 157.00
115.50 156.50
115.00 156.00
114.50 155.50
114.50 155.00
114.00 154.50
113.50 154.00
113.00 153.50
112.50 153.00
112.50 152.50
112.00 152.00
111.50 151.50
111.50 151.00
111.00 150.50
111.00 150.00
110.50 149.50
110.50 149.00
110.00 148.50
109.50 148.00
109.50 147.50
109.00 147.00
109.00 146.50
108.50 146.00
108.50 145.50
108.50 145.00
108.00 144.50
108.00 144.00
107.50 143.50
107.50 143.00
107.00 142.50
107.00 142.00
107.00 141.50
107.00 141.00
106.50 140.50
106.50 140.00
106.50 139.50
106.00 139.00
106.00 138.50
106.00 138.00
106.00 137.50
106.00 137.00
105.50 136.50
105.50 136.00
105.50 135.50
105.50 135.00
105.50 134.50
105.50 134.00
105.50 133.50
105.50 133.00
105.50 132.50
105.50 132.00
105.50 131.50
105.50 131.00
105.50 130.50
105.50 130.00
106.00 129.50
106.00 129.00
106.00 128.50
106.50 128.00
107.00 127.50
107.00 127.00
107.50 126.50
108.00 126.00
108.50 125.50
109.00 125.00
109.50 124.50
110.00 124.00
110.00 123.50
110.50 123.00
111.00 123.00
111.50 122.50
