132.50 156.50
132.00 156.50
131.50 156.50
131.00 156.50
130.50 156.50
130.00 156.50
129.50 156.50
129.00 156.50
128.50 156.50
128.00 156.50
127.50 156.50
127.00 156.00
126.50 156.00
126.00 156.00
125.50 156.00
125.00 156.00
124.50 156.00
124.00 156.00
123.50 155.50
123.00 155.50
122.50 155.50
122.00 155.50
121.50 155.00
121.00 155.00
120.50 155.00
120.00 154.50
119.50 154.50
119.00 154.00
118.50 154.00
118.00 153.50
117.50 153.50
117.00 153.00
116.50 152.50
116.00 152.00
115.50 151.50
115.00 151.00
115.00 150.50
114.50 150.00
114.00 149.50
114.00 149.00
113.50 148.50
113.50 148.00
113.00 147.50
113.00 147.00
112.50 146.50
112.50 146.00
112.50 145.50
112.50 145.00
112.50 144.50
112.50 144.00
112.00 143.50
112.00 143.00
112.00 142.50
112.00 142.00
112.00 141.50
112.00 141.00
112.00 140.50
112.00 140.00
112.50 139.50
112.50 139.00
112.50 138.50
112.50 138.00
112.50 137.50
112.50 137.00
113.00 136.50
113.00 136.00
113.00 135.50
113.00 135.00
113.50 134.50
113.50 134.00
113.50 133.50
114.00 133.00
114.00 132.50
114.50 132.00
114.50 131.50
114.50 131.00
115.00 130.50
115.00 130.00
115.50 129.50
115.50 129.00
116.00 128.50
116.00 128.00
116.50 127.50
117.00 127.00
117.00 126.50
117.50 126.00
118.00 125.50
118.00 125.00
118.50 124.50
119.00 124.00
119.50 123.50
119.50 123.00
120.00 122.50
120.50 122.00
121.00 121.50
121.50 121.00
122.00 120.50
122.50 120.00
123.00 119.50
123.50 119.00
124.00 118.50
124.50 118.00
125.00 117.50
125.50 117.00
126.00 117.00
126.50 116.50
127.00 116.00
127.50 115.50
128.00 115.00
128.50 114.50
129.00 114.50
129.50 114.00
130.00 113.50
130.50 113.50
131.00 113.00
131.50 112.50
132.00 112.00
132.50 112.00
133.00 111.50
133.50 111.50
134.00 111.00
134.50 110.50
135.00 110.50
135.50 110.00
136.00 110.00
136.50 109.50
137.00 109.50
137.50 109.00
138.00 109.00
138.50 109.00
139.00 108.50
139.50 108.50
140.00 108.00
140.50 108.00
141.00 108.00
141.50 107.50
142.00 107.50
142.50 107.50
143.00 107.50
143.50 107.00
144.00 107.00
144.50 107.00
145.00 107.00
145.50 107.00
146.00 107.00
146.50 107.00
147.00 107.00
147.50 107.00
148.00 106.50
148.50 107.00
149.00 107.00
149.50 107.00
150.00 107.00
150.50 107.00
151.00 107.00
151.50 107.00
152.00 107.00
152.50 107.00
153.00 107.00
153.50 107.50
154.00 107.50
154.50 107.50
155.00 107.50
155.50 108.00
156.00 108.00
156.50 108.00
157.00 108.00
157.50 108.50
158.00 108.50
158.50 108.50
159.00 109.00
159.50 109.00
160.00 109.50
160.50 109.50
161.00 109.50
161.50 110.00
162.00 110.00
162.50 110.50
163.00 110.50
163.50 111.00
164.00 111.00
164.50 111.50
165.00 112.00
165.50 112.50
166.00 113.00
166.50 113.50
167.00 114.00
167.50 114.50
168.00 115.00
168.50 115.50
168.50 116.00
168.50 116.50
169.00 117.00
169.00 117.50
169.50 118.00
169.50 118.50
169.50 119.00
169.50 119.50
169.50 120.00
170.00 120.50
170.00 121.00
170.00 121.50
170.00 122.00
170.00 122.50
170.00 123.00
170.00 123.50
170.00 124.00
170.00 124.50
170.00 125.00
170.00 125.50
170.00 126.00
170.00 126.50
170.00 127.00
170.00 127.50
169.50 128.00
169.50 128.50
169.50 129.00
169.50 129.50
169.50 130.00
169.50 130.50
169.00 131.00
169.00 131.50
169.00 132.00
168.50 132.50
168.50 133.00
168.50 133.50
168.00 134.00
168.00 134.50
168.00 135.00
167.50 135.50
167.50 136.00
167.50 136.50
167.00 137.00
166.50 137.50
166.50 138.00
166.50 138.50
166.00 139.00
166.00 139.50
165.50 140.00
165.50 140.50
165.50 141.00
165.00 141.50
164.50 142.00
164.50 142.50
164.00 143.00
163.50 143.50
163.50 144.00
163.00 144.50
163.00 145.00
162.50 145.50
162.00 146.00
161.50 146.50
161.00 147.00
160.50 147.50
160.00 148.00
159.50 148.50
159.00 149.00
158.50 149.50
158.00 149.50
157.50 150.00
157.00 150.50
156.50 151.00
156.00 151.00
155.50 151.50
155.00 152.00
154.50 152.00
154.00 152.50
153.50 152.50
153.00 153.00
152.50 153.00
152.00 153.00
151.50 153.50
151.00 153.50
150.50 154.00
150.00 154.00
149.50 154.50
149.00 154.50
148.50 154.50
148.00 155.00
147.50 155.00
147.00 155.00
146.50 155.00
146.00 155.50
145.50 155.50
145.00 155.50
144.50 155.50
144.00 156.00
143.50 156.00
143.00 156.00
142.50 156.00
142.00 156.00
141.50 156.00
141.00 156.00
140.50 156.50
140.00 156.50
139.50 156.50
139.00 156.50
138.50 156.50
138.00 156.50
137.50 156.50
137.00 156.50
136.50 156.50
136.00 156.50
135.50 156.50
135.00 156.50
134.50 156.50
134.00 156.50
133.50 156.50
133.00 156.50
