139.00 91.00
139.50 91.00
140.00 91.00
140.50 91.50
141.00 91.50
141.50 91.50
142.00 92.00
142.50 92.00
143.00 92.00
143.50 92.50
144.00 92.50
144.50 93.00
145.00 93.50
145.50 93.50
146.00 94.00
146.50 94.00
147.00 94.50
147.50 95.00
148.00 95.00
148.50 95.50
149.00 95.50
149.50 96.00
150.00 96.50
150.50 97.00
151.00 97.50
151.50 98.00
152.00 98.00
152.50 98.50
153.00 99.00
153.50 99.50
154.00 99.50
154.50 100.00
155.00 100.50
155.50 101.00
156.00 101.00
156.50 101.50
157.00 102.00
157.50 102.50
158.00 103.00
158.50 103.50
159.00 104.00
159.50 104.50
160.00 105.00
160.50 105.50
161.00 106.00
161.50 106.50
161.50 107.00
162.00 107.50
162.50 108.00
162.50 108.50
163.00 109.00
163.50 109.50
163.50 110.00
164.00 110.50
164.00 111.00
164.50 111.50
164.50 112.00
165.00 112.50
165.00 113.00
165.50 113.50
165.50 114.00
165.50 114.50
165.50 115.00
166.00 115.50
166.00 116.00
166.00 116.50
166.00 117.00
166.50 117.50
166.50 118.00
166.50 118.50
166.50 119.00
166.50 119.50
166.50 120.00
166.50 120.50
166.50 121.00
166.50 121.50
166.50 122.00
166.50 122.50
166.50 123.00
166.50 123.50
166.50 124.00
166.50 124.50
166.50 125.00
166.50 125.50
166.00 126.00
166.00 126.50
166.00 127.00
166.00 127.50
165.50 128.00
165.50 128.50
165.50 129.00
165.00 129.50
165.00 130.00
165.00 130.50
165.00 131.00
164.50 131.50
164.50 132.00
164.00 132.50
164.00 133.00
163.50 133.50
163.50 134.00
163.50 134.50
163.00 135.00
163.00 135.50
162.50 136.00
162.00 136.50
162.00 137.00
161.50 137.50
161.50 138.00
161.00 138.50
160.50 139.00
160.00 139.50
160.00 140.00
159.50 140.50
159.00 141.00
158.50 141.50
158.50 142.00
158.00 142.50
157.50 142.50
157.00 143.00
156.50 143.50
156.50 144.00
156.00 144.50
155.50 145.00
155.00 145.00
154.50 145.50
154.00 146.00
153.50 146.00
153.00 146.50
152.50 147.00
152.00 147.50
151.50 147.50
151.00 148.00
150.50 148.00
150.00 148.00
149.50 148.50
149.00 148.50
148.50 149.00
148.00 149.00
147.50 149.00
147.00 149.50
146.50 149.50
146.00 149.50
145.50 149.50
145.00 149.50
144.50 150.00
144.00 150.00
143.50 150.00
143.00 150.00
142.50 150.00
142.00 150.00
141.50 150.50
141.00 150.50
140.50 150.50
140.00 150.50
139.50 150.50
139.00 150.50
138.50 150.50
138.00 150.50
137.50 150.50
137.00 150.50
136.50 150.50
136.00 150.50
135.50 150.50
135.00 150.50
134.50 150.50
134.00 150.50
133.50 150.50
133.00 150.50
132.50 150.50
132.00 150.50
131.50 150.50
131.00 150.50
130.50 150.50
130.00 150.50
129.50 150.00
129.00 150.00
128.50 150.00
128.00 150.00
127.50 150.00
127.00 149.50
126.50 149.50
126.00 149.50
125.50 149.50
125.00 149.00
124.50 149.00
124.00 149.00
123.50 148.50
123.00 148.50
122.50 148.00
122.00 148.00
121.50 148.00
121.00 147.50
120.50 147.50
120.00 147.00
119.50 146.50
119.00 146.50
118.50 146.00
118.00 145.50
117.50 145.50
117.00 145.00
116.50 144.50
116.00 144.00
115.50 144.00
115.00 143.50
115.00 143.00
114.50 142.50
114.00 142.50
113.50 142.00
113.00 141.50
112.50 141.00
112.00 140.50
112.00 140.00
111.50 139.50
111.00 139.00
110.50 138.50
110.00 138.00
110.00 137.50
109.50 137.00
109.00 136.50
109.00 136.00
108.50 135.50
108.00 135.00
108.00 134.50
107.50 134.00
107.00 133.50
107.00 133.00
107.00 132.50
106.50 132.00
106.50 131.50
106.00 131.00
106.00 130.50
105.50 130.00
105.50 129.50
105.50 129.00
105.00 128.50
105.00 128.00
105.00 127.50
105.00 127.00
104.50 126.50
104.50 126.00
104.50 125.50
104.50 125.00
104.50 124.50
104.50 124.00
104.50 123.50
104.50 123.00
104.50 122.50
104.50 122.00
105.00 121.50
105.00 121.00
105.00 120.50
105.00 120.00
105.00 119.50
105.50 119.00
105.50 118.50
105.50 118.00
106.00 117.50
106.00 117.00
106.50 116.50
106.50 116.00
107.00 115.50
107.00 115.00
107.50 114.50
107.50 114.00
108.00 113.50
108.00 113.00
108.50 112.50
109.00 112.00
109.00 111.50
109.50 111.00
110.00 110.50
110.00 110.00
110.50 109.50
111.00 109.00
111.00 108.50
111.50 108.00
112.00 107.50
112.50 107.00
112.50 106.50
113.00 106.00
113.50 105.50
114.00 105.00
114.00 104.50
114.50 104.00
115.00 103.50
115.50 103.00
116.00 102.50
116.50 102.00
117.00 101.50
117.50 101.00
118.00 100.50
118.50 100.00
118.50 99.50
119.00 99.00
119.50 99.00
120.00 98.50
120.50 98.00
121.00 97.50
121.50 97.50
122.00 97.00
122.50 96.50
123.00 96.00
123.50 96.00
124.00 95.50
124.50 95.00
125.00 95.00
125.50 94.50
126.00 94.50
126.50 94.00
127.00 93.50
127.50 93.50
128.00 93.00
128.50 93.00
129.00 92.50
129.50 92.50
130.00 92.50
130.50 92.00
131.00 92.00
131.50 92.00
132.00 91.50
132.50 91.50
133.00 91.50
133.50 91.50
134.00 91.00
134.50 91.00
135.00 91.00
135.50 91.00
136.00 91.00
136.50 91.00
137.00 91.00
137.50 91.00
138.00 91.00
138.50 91.00
