112.00 121.50
112.50 121.00
113.00 120.50
113.50 120.00
114.00 119.50
114.50 119.00
115.00 118.50
115.50 118.00
116.00 117.50
116.50 117.50
117.00 117.00
117.50 117.00
118.00 117.00
118.50 117.00
119.00 116.50
119.50 116.50
120.00 116.50
120.50 116.50
121.00 116.50
121.50 116.00
122.00 115.50
122.00 115.00
122.00 114.50
122.00 114.00
122.50 113.50
122.50 113.00
122.50 112.50
122.50 112.00
123.00 111.50
123.50 111.00
124.00 111.00
124.50 111.00
125.00 111.00
125.50 110.50
126.00 110.50
126.50 110.50
127.00 110.50
127.50 110.50
128.00 110.50
128.50 110.50
129.00 110.50
129.50 110.50
130.00 110.50
130.50 110.50
131.00 110.50
131.50 110.50
132.00 110.50
132.50 111.00
133.00 111.00
133.50 111.00
134.00 111.00
134.50 111.50
135.00 111.50
135.50 111.50
136.00 112.00
136.50 112.00
137.00 112.50
137.50 112.50
138.00 113.00
138.50 113.50
139.00 113.50
139.50 114.00
140.00 114.50
140.50 115.00
141.00 115.00
141.50 115.50
142.00 116.00
142.00 116.50
142.50 117.00
143.00 117.50
143.50 118.00
143.50 118.50
144.00 119.00
144.00 119.50
144.50 120.00
144.50 120.50
144.50 121.00
145.00 121.50
145.00 122.00
145.00 122.50
145.00 123.00
145.00 123.50
145.50 124.00
145.50 124.50
145.50 125.00
145.50 125.50
145.50 126.00
145.50 126.50
145.50 127.00
145.50 127.50
145.50 128.00
145.50 128.50
145.50 129.00
145.50 129.50
145.50 130.00
145.50 130.50
145.50 131.00
145.50 131.50
145.50 132.00
145.50 132.50
145.00 133.00
145.00 133.50
145.00 134.00
145.00 134.50
145.00 135.00
145.00 135.50
145.00 136.00
144.50 136.50
144.50 137.00
144.50 137.50
144.50 138.00
144.00 138.50
144.00 139.00
144.00 139.50
143.50 140.00
143.50 140.50
143.50 141.00
143.00 141.50
143.00 142.00
142.50 142.50
142.50 143.00
142.00 143.50
142.00 144.00
141.50 144.50
141.00 145.00
140.50 145.50
140.50 146.00
140.00 146.50
139.50 147.00
139.00 147.50
138.50 148.00
138.00 148.50
137.50 148.50
137.00 149.00
136.50 149.50
136.00 150.00
135.50 150.00
135.00 150.50
134.50 150.50
134.00 151.00
133.50 151.00
133.00 151.50
132.50 151.50
132.00 152.00
131.50 152.00
131.00 152.00
130.50 152.50
130.00 152.50
129.50 153.00
129.00 153.00
128.50 153.00
128.00 153.00
127.50 153.50
127.00 153.50
126.50 153.50
126.00 153.50
125.50 153.50
125.00 154.00
124.50 154.00
124.00 154.00
123.50 154.00
123.00 154.00
122.50 154.00
122.00 154.00
121.50 154.00
121.00 154.00
120.50 154.00
120.00 154.00
119.50 154.00
119.00 154.00
118.50 154.00
118.00 154.00
117.50 154.00
117.00 154.00
116.50 154.00
116.00 153.50
115.50 153.50
115.00 153.50
114.50 153.50
114.00 153.00
113.50 152.50
113.00 152.50
112.50 152.00
112.00 152.00
111.50 151.50
111.00 151.00
110.50 150.50
110.00 150.00
110.00 149.50
109.50 149.00
109.00 148.50
108.50 148.00
108.50 147.50
108.00 147.00
108.00 146.50
107.50 146.00
107.50 145.50
107.00 145.00
107.00 144.50
106.50 144.00
106.50 143.50
106.50 143.00
106.00 142.50
106.00 142.00
106.00 141.50
105.50 141.00
105.50 140.50
105.50 140.00
105.50 139.50
105.50 139.00
105.00 138.50
105.00 138.00
105.00 137.50
105.00 137.00
104.50 136.50
104.50 136.00
104.50 135.50
104.50 135.00
104.50 134.50
104.50 134.00
104.00 133.50
104.00 133.00
104.00 132.50
104.00 132.00
104.00 131.50
104.00 131.00
104.00 130.50
104.00 130.00
104.00 129.50
104.00 129.00
104.00 128.50
104.00 128.00
104.00 127.50
104.00 127.00
104.00 126.50
104.50 126.00
105.00 126.00
105.50 125.50
106.00 125.50
106.50 125.00
107.00 124.50
107.50 124.50
108.00 124.00
108.50 124.00
109.00 123.50
109.50 123.50
110.00 123.00
110.50 123.00
111.00 122.50
111.50 122.00
