127.50 156.00
127.00 156.00
126.50 156.00
126.00 156.00
125.50 155.50
125.00 155.50
124.50 155.50
124.00 155.50
123.50 155.50
123.00 155.00
122.50 154.50
122.00 154.50
121.50 154.50
121.00 154.00
120.50 154.00
120.00 153.50
119.50 153.50
119.00 153.00
118.50 153.00
118.00 152.50
117.50 152.00
117.00 151.50
116.50 151.50
116.00 151.00
115.50 150.50
115.00 150.00
114.50 149.50
114.00 149.00
113.50 148.50
113.00 148.00
112.50 147.50
112.00 147.00
112.00 146.50
111.50 146.00
111.00 145.50
111.00 145.00
110.50 144.50
110.00 144.00
110.00 143.50
109.50 143.00
109.00 142.50
109.00 142.00
108.50 141.50
108.50 141.00
108.00 140.50
108.00 140.00
108.00 139.50
107.50 139.00
107.50 138.50
107.00 138.00
107.00 137.50
107.00 137.00
107.00 136.50
106.50 136.00
106.50 135.50
106.50 135.00
106.00 134.50
106.00 134.00
106.00 133.50
106.00 133.00
106.00 132.50
105.50 132.00
105.50 131.50
105.50 131.00
105.50 130.50
105.50 130.00
105.50 129.50
105.50 129.00
105.50 128.50
105.50 128.00
105.50 127.50
105.50 127.00
105.50 126.50
105.50 126.00
105.50 125.50
105.50 125.00
105.50 124.50
106.00 124.00
106.00 123.50
106.00 123.00
106.00 122.50
106.00 122.00
106.00 121.50
106.50 121.00
106.50 120.50
106.50 120.00
106.50 119.50
107.00 119.00
107.00 118.50
107.50 118.00
107.50 117.50
107.50 117.00
108.00 116.50
108.50 116.00
108.50 115.50
108.50 115.00
109.00 114.50
109.00 114.00
109.50 113.50
110.00 113.00
110.00 112.50
110.50 112.00
111.00 111.50
111.50 111.00
111.50 110.50
112.00 110.00
112.50 109.50
113.00 109.00
113.50 108.50
114.00 108.00
114.50 107.50
115.00 107.00
115.50 106.50
116.00 106.00
116.50 105.50
117.00 105.50
117.50 105.00
118.00 104.50
118.50 104.50
119.00 104.50
119.50 104.00
120.00 104.00
120.50 103.50
121.00 103.50
121.50 103.00
122.00 103.00
122.50 102.50
123.00 102.50
123.50 102.50
124.00 102.50
124.50 102.00
125.00 102.00
125.50 102.00
126.00 102.00
126.50 102.00
127.00 101.50
127.50 101.50
128.00 101.50
128.50 101.50
129.00 101.50
129.50 101.50
130.00 101.50
130.50 101.50
131.00 101.50
131.50 102.00
132.00 102.00
132.50 102.00
133.00 102.00
133.50 102.00
134.00 102.00
134.50 102.50
135.00 102.50
135.50 102.50
136.00 103.00
136.50 103.00
137.00 103.00
137.50 103.50
138.00 103.50
138.50 104.00
139.00 104.00
139.50 104.00
140.00 104.50
140.50 105.00
141.00 105.00
141.50 105.50
142.00 105.50
142.50 106.00
143.00 106.50
143.50 106.50
144.00 107.00
144.50 107.50
145.00 107.50
145.50 108.00
146.00 108.50
146.50 109.00
147.00 109.50
147.50 110.00
148.00 110.50
148.50 111.00
149.00 111.50
149.50 112.00
150.00 112.50
150.00 113.00
150.50 113.50
151.00 114.00
151.50 114.50
151.50 115.00
152.00 115.50
152.00 116.00
152.50 116.50
153.00 117.00
153.00 117.50
153.50 118.00
153.50 118.50
153.50 119.00
154.00 119.50
154.00 120.00
154.50 120.50
154.50 121.00
154.50 121.50
154.50 122.00
155.00 122.50
155.00 123.00
155.00 123.50
155.50 124.00
155.50 124.50
155.50 125.00
155.50 125.50
155.50 126.00
155.50 126.50
156.00 127.00
156.00 127.50
156.00 128.00
156.00 128.50
156.00 129.00
156.00 129.50
156.00 130.00
156.00 130.50
156.00 131.00
155.50 131.50
155.50 132.00
155.50 132.50
155.50 133.00
155.50 133.50
155.00 134.00
155.00 134.50
155.00 135.00
155.00 135.50
154.50 136.00
154.50 136.50
154.50 137.00
154.00 137.50
154.00 138.00
153.50 138.50
153.50 139.00
153.00 139.50
152.50 140.00
152.50 140.50
152.00 141.00
152.00 141.50
151.50 142.00
151.00 142.50
150.50 143.00
150.50 143.50
150.00 144.00
149.50 144.50
149.00 145.00
148.50 145.50
148.50 146.00
148.00 146.50
147.50 147.00
147.00 147.50
146.50 147.50
146.00 148.00
145.50 148.50
145.00 149.00
144.50 149.50
144.00 150.00
143.50 150.00
143.00 150.50
142.50 151.00
142.00 151.50
141.50 151.50
141.00 152.00
140.50 152.50
140.00 152.50
139.50 153.00
139.00 153.00
138.50 153.50
138.00 153.50
137.50 154.00
137.00 154.00
136.50 154.50
136.00 154.50
135.50 154.50
135.00 155.00
134.50 155.00
134.00 155.50
133.50 155.50
133.00 155.50
132.50 155.50
132.00 155.50
131.50 156.00
131.00 156.00
130.50 156.00
130.00 156.00
129.50 156.00
129.00 156.00
128.50 156.00
128.00 156.00
