149.50 131.00
149.00 131.00
148.50 131.50
148.00 132.00
147.50 132.00
147.00 132.00
146.50 132.50
146.00 133.00
145.50 133.00
145.00 133.00
144.50 133.00
144.00 133.50
143.50 133.50
143.00 133.50
142.50 133.50
142.00 133.50
141.50 133.50
141.00 133.50
140.50 133.50
140.00 133.00
139.50 133.00
139.00 133.00
138.50 133.00
138.00 132.50
137.50 132.50
137.00 132.50
136.50 132.00
136.00 132.00
135.50 132.00
135.00 131.50
134.50 131.50
134.00 131.50
133.50 131.00
133.00 131.00
132.50 131.00
132.00 131.00
131.50 130.50
131.00 130.50
130.50 130.50
130.00 130.50
129.50 130.50
129.00 130.50
128.50 130.00
128.00 130.00
127.50 130.00
127.00 130.00
126.50 130.00
126.00 130.00
125.50 130.00
125.00 130.00
124.50 130.00
124.00 130.00
123.50 130.00
123.00 130.00
122.50 130.00
122.00 130.50
121.50 130.50
121.00 130.50
120.50 130.50
120.00 130.50
119.50 130.50
119.00 131.00
118.50 130.50
118.00 130.50
117.50 130.50
117.00 130.50
116.50 130.00
116.00 130.00
115.50 130.00
115.00 130.00
114.50 129.50
114.00 129.50
113.50 129.50
113.00 129.50
112.50 129.00
112.00 129.00
111.50 129.00
111.00 128.50
110.50 128.50
110.00 128.50
109.50 128.00
109.00 128.00
108.50 128.00
108.00 127.50
107.50 127.50
107.00 127.50
106.50 127.00
106.00 127.00
105.50 126.50
105.00 126.50
104.50 126.00
104.00 125.50
103.50 125.00
103.00 125.00
102.50 124.50
102.00 124.00
101.50 123.50
101.00 123.00
101.00 122.50
100.50 122.00
100.50 121.50
100.00 121.00
100.00 120.50
99.50 120.00
99.50 119.50
99.00 119.00
99.00 118.50
99.00 118.00
99.00 117.50
98.50 117.00
98.50 116.50
98.50 116.00
98.50 115.50
98.50 115.00
98.00 114.50
98.00 114.00
98.00 113.50
98.00 113.00
98.00 112.50
98.00 112.00
98.00 111.50
98.00 111.00
98.00 110.50
98.00 110.00
98.00 109.50
98.00 109.00
98.00 108.50
98.00 108.00
98.00 107.50
98.00 107.00
98.00 106.50
98.00 106.00
98.00 105.50
98.00 105.00
98.00 104.50
98.00 104.00
98.50 103.50
98.50 103.00
98.50 102.50
98.50 102.00
99.00 101.50
99.00 101.00
99.00 100.50
99.00 100.00
99.50 99.50
99.50 99.00
100.00 98.50
100.00 98.00
100.00 97.50
100.50 97.00
100.50 96.50
101.00 96.00
101.50 95.50
101.50 95.00
102.00 94.50
102.50 94.00
102.50 93.50
103.00 93.00
103.50 92.50
104.00 92.00
104.50 91.50
105.00 91.00
105.50 90.50
106.00 90.00
106.50 89.50
107.00 89.00
107.50 88.50
108.00 88.50
108.50 88.00
109.00 87.50
109.50 87.00
110.00 86.50
110.50 86.50
111.00 86.00
111.50 85.50
112.00 85.00
112.50 84.50
113.00 84.50
113.50 84.00
114.00 83.50
114.50 83.50
115.00 83.00
115.50 83.00
116.00 82.50
116.50 82.00
117.00 82.00
117.50 82.00
118.00 81.50
118.50 81.50
119.00 81.00
119.50 81.00
120.00 81.00
120.50 80.50
121.00 80.50
121.50 80.50
122.00 80.00
122.50 80.00
123.00 80.00
123.50 80.00
124.00 80.00
124.50 80.00
125.00 79.50
125.50 79.50
126.00 79.50
126.50 79.50
127.00 79.50
127.50 79.50
128.00 79.50
128.50 79.50
129.00 79.50
129.50 79.50
130.00 79.50
130.50 79.50
131.00 80.00
131.50 80.00
132.00 80.00
132.50 80.00
133.00 80.00
133.50 80.00
134.00 80.50
134.50 80.50
135.00 80.50
135.50 81.00
136.00 81.00
136.50 81.00
137.00 81.50
137.50 81.50
138.00 81.50
138.50 82.00
139.00 82.00
139.50 82.50
140.00 82.50
140.50 83.00
141.00 83.00
141.50 83.50
142.00 84.00
142.50 84.00
143.00 84.50
143.50 85.00
144.00 85.00
144.50 85.50
145.00 86.00
145.50 86.50
146.00 87.00
146.50 87.50
147.00 88.00
147.50 88.50
148.00 89.00
148.00 89.50
148.50 90.00
149.00 90.50
149.50 91.00
150.00 91.50
150.00 92.00
150.50 92.50
150.50 93.00
151.00 93.50
151.00 94.00
151.50 94.50
152.00 95.00
152.00 95.50
152.00 96.00
152.50 96.50
152.50 97.00
153.00 97.50
153.00 98.00
153.00 98.50
153.50 99.00
153.50 99.50
154.00 100.00
154.00 100.50
154.00 101.00
154.50 101.50
154.50 102.00
154.50 102.50
154.50 103.00
155.00 103.50
155.00 104.00
155.00 104.50
155.00 105.00
155.50 105.50
155.50 106.00
155.50 106.50
155.50 107.00
155.50 107.50
155.50 108.00
156.00 108.50
156.00 109.00
156.00 109.50
156.00 110.00
156.00 110.50
156.00 111.00
156.00 111.50
156.00 112.00
156.00 112.50
156.00 113.00
156.00 113.50
156.00 114.00
156.00 114.50
156.00 115.00
156.00 115.50
155.50 116.00
155.50 116.50
155.50 117.00
155.50 117.50
155.50 118.00
155.50 118.50
155.00 119.00
155.00 119.50
155.00 120.00
155.00 120.50
154.50 121.00
154.50 121.50
154.50 122.00
154.00 122.50
154.00 123.00
154.00 123.50
153.50 124.00
153.50 124.50
153.00 125.00
153.00 125.50
152.50 126.00
152.50 126.50
152.00 127.00
152.00 127.50
151.50 128.00
151.00 128.50
151.00 129.00
150.50 129.50
150.00 130.00
150.00 130.50
