160.50 148.50
160.00 149.00
159.50 149.50
159.00 149.50
158.50 150.00
158.00 150.50
157.50 151.00
157.00 151.00
156.50 151.50
156.00 152.00
155.50 152.00
155.00 152.50
154.50 153.00
154.00 153.00
153.50 153.00
153.00 153.50
152.50 153.50
152.00 154.00
151.50 154.00
151.00 154.00
150.50 154.50
150.00 154.50
149.50 154.50
149.00 154.50
148.50 154.50
148.00 155.00
147.50 155.00
147.00 155.00
146.50 155.00
146.00 155.00
145.50 155.50
145.00 155.50
144.50 155.50
144.00 155.50
143.50 155.50
143.00 155.50
142.50 155.50
142.00 155.00
141.50 155.00
141.00 154.50
140.50 154.50
140.00 154.00
139.50 154.00
139.00 153.50
138.50 153.50
138.00 153.50
137.50 153.00
137.00 152.50
136.50 152.50
136.00 152.00
135.50 151.50
135.00 151.50
134.50 151.00
134.00 150.50
133.50 150.50
133.00 150.00
132.50 149.50
132.00 149.00
131.50 148.50
131.00 148.50
130.50 148.00
130.00 147.50
129.50 147.00
129.00 146.50
128.50 146.00
128.00 145.50
128.00 145.00
127.50 144.50
127.00 144.00
126.50 143.50
126.50 143.00
126.00 142.50
125.50 142.00
125.50 141.50
125.50 141.00
125.00 140.50
125.00 140.00
124.50 139.50
124.50 139.00
124.50 138.50
124.00 138.00
124.00 137.50
124.00 137.00
124.00 136.50
124.00 136.00
124.00 135.50
124.00 135.00
124.00 134.50
124.00 134.00
124.00 133.50
124.00 133.00
124.00 132.50
124.00 132.00
124.00 131.50
124.00 131.00
124.00 130.50
124.00 130.00
124.50 129.50
124.50 129.00
124.50 128.50
124.50 128.00
124.50 127.50
125.00 127.00
125.00 126.50
125.50 126.00
125.50 125.50
126.00 125.00
126.00 124.50
126.00 124.00
126.50 123.50
127.00 123.00
127.00 122.50
127.50 122.00
128.00 121.50
128.50 121.00
128.50 120.50
129.00 120.00
129.50 119.50
130.00 119.00
130.50 118.50
131.00 118.00
131.50 117.50
132.00 117.00
132.50 117.00
133.00 116.50
133.50 116.00
134.00 116.00
134.50 115.50
135.00 115.00
135.50 115.00
136.00 114.50
136.50 114.00
137.00 114.00
137.50 113.50
138.00 113.50
138.50 113.50
139.00 113.00
139.50 113.00
140.00 112.50
140.50 112.50
141.00 112.50
141.50 112.50
142.00 112.50
142.50 112.50
143.00 112.50
143.50 112.50
144.00 112.50
144.50 112.50
145.00 112.50
145.50 112.50
146.00 112.50
146.50 112.50
147.00 112.50
147.50 112.50
148.00 113.00
148.50 113.00
149.00 113.00
149.50 113.00
150.00 113.50
150.50 113.50
151.00 113.50
151.50 113.50
152.00 114.00
152.50 114.00
153.00 114.50
153.50 114.50
154.00 115.00
154.50 115.00
155.00 115.50
155.50 115.50
156.00 115.50
156.50 116.00
157.00 116.00
157.50 116.50
158.00 117.00
158.50 117.50
159.00 117.50
159.50 118.00
160.00 118.50
160.50 119.00
161.00 119.50
161.50 120.00
162.00 120.50
162.00 121.00
162.50 121.50
162.50 122.00
163.00 122.50
163.00 123.00
163.50 123.50
163.50 124.00
163.50 124.50
164.00 125.00
164.00 125.50
164.00 126.00
164.50 126.50
164.50 127.00
164.50 127.50
164.50 128.00
164.50 128.50
164.50 129.00
165.00 129.50
165.00 130.00
165.00 130.50
165.00 131.00
165.00 131.50
165.00 132.00
165.00 132.50
165.00 133.00
165.00 133.50
165.00 134.00
165.00 134.50
165.00 135.00
165.00 135.50
165.00 136.00
165.00 136.50
165.00 137.00
164.50 137.50
164.50 138.00
164.50 138.50
164.50 139.00
164.50 139.50
164.00 140.00
164.00 140.50
164.00 141.00
164.00 141.50
163.50 142.00
163.50 142.50
163.50 143.00
163.00 143.50
163.00 144.00
162.50 144.50
162.50 145.00
162.00 145.50
162.00 146.00
161.50 146.50
161.50 147.00
161.00 147.50
160.50 148.00
